tag,known,mode_index,toa,rf,pw,pri,pa,doa,pulse_index,dtoa,mapped_label,is_unknown,is_noise
5,True,1,29.954712364342896,10200.0,4.679284714636895,29.0,-42.3667695776018,82.33933916544255,0,0.0,2,0,0
2,False,0,38.105328834775705,9839.443875214642,1.2,28.0,-39.06788094895282,76.5983840028494,1,8.150616470432809,-1,1,0
5,True,1,58.954712364342896,11265.489643637084,3.9371215181552484,29.0,-41.200102910935136,82.7421314343054,2,20.84938352956719,2,0,0
2,False,0,66.1053288347757,10177.193193894605,3.7895921016070195,28.0,-39.46224714613592,76.66257564277078,3,7.150616470432809,-1,1,0
4,True,0,69.89568886546301,1205.5496934398918,4.202286538406906,59.1,-51.495602899310775,80.09306692390997,4,3.79036003068731,1,0,0
3,False,0,72.58324401145585,9826.734728414116,7.890863373492641,61.0,-34.22961164849031,75.54489626338247,5,2.6875551459928317,-1,1,0
0,True,-1,74.87504193637076,1207.7344857466278,7.912241858457818,,-53.68970581450105,77.35778292932093,6,2.291797924914917,-1,0,1
0,True,-1,83.68711716904716,4529.660552790125,4.504149772377281,,-38.003257069192045,79.57699286001805,7,8.812075232676392,-1,0,1
5,True,1,87.9547123643429,12213.249592594217,3.7019370474308086,29.0,-40.033436244268465,83.111385759206,8,4.2675951952957405,2,0,0
0,True,-1,94.05991536247873,1521.043103868989,3.2941531189749442,,-45.24241425168959,82.23681047097045,9,6.105202998135837,-1,0,1
2,False,0,94.1053288347757,9845.043532937703,1.2,28.0,-39.85661334331902,76.72213288175465,10,0.045413472296971236,-1,1,0
5,True,1,116.9547123643429,10200.0,5.216159564024554,29.0,-38.8667695776018,83.43897515497945,11,22.84938352956719,2,0,0
2,False,0,122.1053288347757,9984.258563922976,3.7895921016070195,28.0,-40.250979540502115,76.77714075547571,12,5.150616470432809,-1,1,0
4,True,0,128.99568886546302,1326.37899177297,5.371032276451323,59.1,-51.4244444384856,80.11348231947177,13,6.890360030687319,1,0,0
1,True,0,130.8816395670834,9749.85728564112,7.71284776178879,61.0,-38.602749437185096,79.10370696221163,14,1.8859507016203736,0,0,0
5,True,1,145.9547123643429,11265.489643637084,6.036925568559926,29.0,-37.700102910935136,83.71961203252631,15,15.073072797259499,2,0,0
3,False,0,147.64828839069804,9826.734728414116,7.890863373492641,75.0650443792422,-34.47391481440191,75.63538525133949,16,1.6935760263551458,-1,1,0
2,False,0,150.10532883477572,10199.76746623649,1.2,28.0,-40.64534573768522,76.82771990456007,17,2.457040444077677,-1,1,0
0,True,-1,153.69908275513484,2316.8097891027546,3.603228585503909,,-35.894773273103176,84.21581018079539,18,3.59375392035912,-1,0,1
0,True,-1,172.5937687996024,6792.443853203447,6.749544648770807,,-39.019804953516314,83.1080134718946,19,18.894686044467562,-1,0,1
5,True,1,174.9547123643429,12213.249592594217,5.020955272351839,29.0,-37.46656375573153,83.95120853927163,20,2.360943564740495,2,0,0
2,False,0,178.10532883477572,10094.141830757162,3.7895921016070195,28.0,-41.039711934868315,76.87402563040885,21,3.150616470432823,-1,1,0
0,True,-1,185.32832153114174,12247.553845576558,6.6495436326801585,,-41.51274476639934,83.94763606869768,22,7.2229926963660205,-1,0,1
4,True,0,188.09568886546302,1450.0,5.422197643586125,59.1,-51.28090999950454,80.13311979238277,23,2.7673673343212783,1,0,0
5,True,1,203.9547123643429,10200.0,3.86332918590566,29.0,-38.6332304223982,84.13501884286748,24,15.859023498879878,2,0,0
2,False,0,206.10532883477572,10001.791810258135,1.2,28.0,-41.43407813205141,76.9162466797541,25,2.150616470432823,-1,1,0
1,True,0,206.87328278483125,9749.85728564112,7.71284776178879,75.99164321774785,-38.44053889995688,79.12149373368062,26,0.7679539500555279,0,0,0
0,True,-1,225.18630420725842,4212.670549219122,2.545316420682747,,-51.61584300865103,85.55599799307657,27,18.31302142242717,-1,0,1
5,True,1,232.9547123643429,11265.489643637084,5.751344468094411,29.0,-39.799897089064864,84.27555366174018,28,7.76840815708448,2,0,0
2,False,0,234.10532883477572,10064.517096065025,3.7895921016070195,28.0,-41.828444329234514,76.95460376745969,29,1.1506164704328228,-1,1,0
0,True,-1,236.79779276582312,10139.156592238618,5.135852109985749,,-41.339879873979534,85.49687477042185,30,2.6924639310473992,-1,0,1
0,True,-1,238.57461233765952,12019.015634753765,2.9139206589356794,,-50.477956300806355,85.09639876662033,31,1.7768195718363984,-1,0,1
3,False,0,239.2772750655093,9826.734728414116,7.890863373492641,91.62898667481123,-34.73407484395864,75.72145264003804,32,0.7026627278497699,-1,1,0
4,True,0,247.195688865463,1205.5496934398918,4.937092175426469,59.1,-51.07576530490951,80.15193588315607,33,7.918413799953726,1,0,0
0,True,-1,259.79684963283756,11189.57847008747,2.7812089935847384,,-49.9858826666799,79.10671362892865,34,12.601160767374552,-1,0,1
2,False,0,262.1053288347757,10069.937502721396,1.2,28.0,-41.77718947358239,76.98934784912828,35,2.3084792019381553,-1,1,0
5,True,1,281.80471236434295,12213.249592594217,3.5755941183032776,48.85,-40.966563755731535,84.38027286708376,36,19.69938352956723,2,0,0
0,True,-1,286.33816388376044,1791.5351890464767,2.9814673392475326,,-35.449347363555496,86.70276122640392,37,4.533451519417497,-1,0,1
2,False,0,290.1053288347757,9827.189243848783,3.7895921016070195,28.0,-41.38282327639929,77.0207581570335,38,3.7671649510152747,-1,1,0
1,True,0,298.87328278483125,9749.85728564112,7.71284776178879,92.0,-38.302272794007166,79.1388808037767,39,8.767953950055528,0,0,0
3,False,0,300.2772750655093,9826.734728414116,7.890863373492641,61.0,-35.00805563219121,75.80297598728752,40,1.4039922806780396,-1,1,0
4,True,0,306.29568886546303,1326.37899177297,4.405978485741008,59.1,-50.82469544983228,80.16989356073364,41,6.018413799953748,1,0,0
2,False,0,318.1053288347757,9931.98876466949,1.2,28.0,-40.98845707921619,77.04914001474874,42,11.809639969312684,-1,1,0
5,True,1,330.65471236434297,10200.0,6.114531857392299,48.85,-42.1332304223982,84.45907710496621,43,12.549383529567251,2,0,0
2,False,0,346.1053288347757,9979.395225463868,3.7895921016070195,28.0,-40.59409088203309,77.07482244757628,44,15.450616470432749,-1,1,0
1,True,0,359.8732827848313,9749.85728564112,7.71284776178879,61.0,-38.18903323908314,79.15628324692254,45,13.767953950055585,0,0,0
4,True,0,365.39568886546306,1450.0,5.270206224094756,59.1,-50.54719558769967,80.1869625123046,46,5.522406080631754,1,0,0
3,False,0,375.34231944475147,9826.734728414116,7.890863373492641,75.0650443792422,-35.29371290795481,75.87986841418268,47,9.94663057928841,-1,1,0
2,False,0,378.1053288347757,10015.088759028526,1.2,32.0,-40.19972468485,77.09815560747815,48,2.7630093900242514,-1,1,0
5,True,1,379.504712364343,11265.489643637084,5.5904254756047695,48.85,-43.299897089064864,84.52363308366148,49,1.3993835295672739,2,0,0
2,False,0,410.1053288347757,9950.807604975678,3.7895921016070195,32.0,-39.8053584876669,77.11950803266224,50,30.600616470432726,-1,1,0
0,True,-1,413.645238286406,1992.2961949179873,3.3417815594799096,,-39.08944341257889,82.31724764577862,51,3.539909451630308,-1,0,1
4,True,0,424.4956888654631,1205.5496934398918,4.646696388932897,59.1,-50.26519001071741,80.2031193805441,52,10.850450579057053,1,0,0
5,True,1,428.354712364343,12213.249592594217,5.081034232275548,48.85,-43.533436244268465,84.58657850676073,53,3.8590234988799352,2,0,0
1,True,0,435.8649260025792,9749.85728564112,7.71284776178879,75.99164321774785,-38.10170648823793,79.17411601722584,54,7.510213638236166,0,0,0
2,False,0,442.1053288347757,9987.699585389002,1.2,32.0,-39.4109922904838,77.13926376327126,55,6.240402832196537,-1,1,0
3,False,0,466.9713061195627,9826.734728414116,7.890863373492641,91.62898667481123,-35.58881101575817,75.9520792850489,56,24.865977284786993,-1,1,0
2,False,0,474.1053288347757,9981.302524708892,3.7895921016070195,32.0,-39.0166260933007,77.1578193357478,57,7.134022715213007,-1,1,0
5,True,1,477.20471236434304,10200.0,5.0522149759336505,48.85,-42.3667695776018,84.66066083455745,58,3.0993835295673193,2,0,0
0,True,-1,482.9930625041391,10269.03957635473,5.688464871214811,,-40.4864201609859,81.4735803368768,59,5.78835013979608,-1,0,1
4,True,0,483.5956888654631,1326.37899177297,4.626157901917349,59.1,-50.00147650293967,80.21834794641589,60,0.6026263613239848,1,0,0
0,True,-1,494.2747235473542,7241.007570836957,7.150306239019208,,-33.24499284512659,86.16623194376969,61,10.679034681891096,-1,0,1
0,True,-1,500.1295479116408,11517.53007962515,7.933487670430807,,-51.85982596039141,86.44635358662691,62,5.854824364286628,-1,0,1
2,False,0,506.1053288347757,9936.762120861293,1.2,32.0,-38.6222598961176,77.17558067939912,63,5.9757809231348915,-1,1,0
0,True,-1,520.5085408989069,2879.441850101509,6.1093166559229175,,-38.3873633521104,85.56946750777632,64,14.40321206413114,-1,0,1
5,True,1,526.054712364343,11265.489643637084,3.3763662470746625,48.85,-41.200102910935136,84.7578685656946,65,5.546171465436146,2,0,0
1,True,0,527.8649260025792,9749.85728564112,7.71284776178879,92.0,-38.040975991698886,79.19279070090084,66,1.8102136382361778,0,0,0
3,False,0,527.9713061195627,9826.734728414116,7.890863373492641,61.0,-35.89104041279889,76.01959460373494,67,0.10638011698347327,-1,1,0
0,True,-1,529.8100568727357,5389.560503762116,2.0780657380593324,,-49.799898482119495,77.69848171889629,68,1.8387507531730307,-1,0,1
2,False,0,538.1053288347757,9925.100620583979,3.7895921016070195,32.0,-38.2278936989345,77.1929599394498,69,8.295271962040033,-1,1,0
4,True,0,542.6956888654631,1450.0,4.400584994687676,59.1,-49.77810512226482,80.23263925610851,70,4.590360030687407,1,0,0
0,True,-1,556.0297834998006,9284.935592166417,1.2905378708199653,,-44.13538746207935,80.81309742196788,71,13.334094634337475,-1,0,1
0,True,-1,562.8086195194564,6732.7024643580935,6.392569764441813,,-36.7378912158659,81.22497275383853,72,6.7788360196558415,-1,0,1
2,False,0,570.1053288347757,9885.222676187412,1.2,32.0,-37.833527501751405,77.21037225144676,73,7.296709315319276,-1,1,0
5,True,1,574.904712364343,12213.249592594217,3.8873150994704844,48.85,-40.03343624426847,84.888614240794,74,4.799383529567308,2,0,0
1,True,0,588.8649260025792,9749.85728564112,7.71284776178879,61.0,-38.00731704794289,79.21271229504815,75,13.960213638236155,0,0,0
0,True,-1,592.720328508264,5280.571164560203,2.226943897581878,,-37.10955493106516,78.42844799440992,76,3.855402505684765,-1,0,1
4,True,0,601.7956888654631,1205.5496934398918,5.1031882667136435,59.1,-49.61480519643909,80.2459916911108,77,9.075360357199202,1,0,0
2,False,0,602.1053288347757,9822.668251745004,3.7895921016070195,32.0,-37.4391613045683,77.22823249226053,78,0.30963996931257043,-1,1,0
3,False,0,603.0363504988048,9826.734728414116,7.890863373492641,75.0650443792422,-36.198035744267386,76.08243712315192,79,0.9310216640291173,-1,1,0
5,True,1,623.754712364343,10200.0,4.166128060241011,48.85,-38.8667695776018,85.06102484502055,80,20.718361865538213,2,0,0
2,False,0,634.1053288347757,9910.101189052915,1.2,32.0,-37.044795107385205,77.2469520331114,81,10.35061647043267,-1,1,0
0,True,-1,640.1731743142461,6760.198619583524,7.083882886925647,,-44.852897646434315,82.12783064275095,82,6.067845479470407,-1,0,1
4,True,0,660.8956888654632,1326.37899177297,5.580142385381881,59.1,-49.5275709724945,80.25841098087905,83,20.722514551217046,1,0,0
1,True,0,664.8565692203271,9749.85728564112,7.71284776178879,75.99164321774785,-38.00099308384131,79.23427603800332,84,3.960880354863889,0,0,0
2,False,0,666.1053288347757,10064.788137414978,3.7895921016070195,32.0,-36.65042891020211,77.2669355200317,85,1.2487596144486588,-1,1,0
5,True,1,692.4547123643431,11265.489643637084,3.4386229483024593,68.7,-37.700102910935136,85.28038796747369,86,26.349383529567376,2,0,0
3,False,0,694.6653371736161,9826.734728414116,7.890863373492641,91.62898667481123,-36.50739435545527,76.14066616720072,87,2.2106248092729857,-1,1,0
2,False,0,698.1053288347757,10121.757457889076,1.2,32.0,-36.256062713019006,77.28857770696213,88,3.439991661159638,-1,1,0
0,True,-1,710.624153024484,6311.3177501741775,3.9546525697336046,,-47.74580644849105,77.06930036153308,89,12.518824189708312,-1,0,1
4,True,0,719.9956888654632,1450.0,5.676810227179939,59.1,-49.52750527317082,80.26991015799624,90,9.371535840979163,1,0,0
2,False,0,730.1053288347757,9962.870809785927,3.7895921016070195,32.0,-35.86169651583591,77.31226036626681,91,10.109639969312525,-1,1,0
0,True,-1,746.588782723854,8284.030175374264,4.99606959357215,,-49.39059932304457,78.75596666499591,92,16.483453889078305,-1,0,1
3,False,0,755.6653371736161,9826.734728414116,7.890863373492641,61.0,-36.816695095786066,76.19437716648228,93,9.076554449762057,-1,1,0
1,True,0,756.8565692203271,9749.85728564112,7.71284776178879,92.0,-38.022053592987575,79.25786431606092,94,1.1912320467109794,0,0,0
2,False,0,758.1053288347757,10022.723324756784,1.2,28.0,-35.46733031865281,77.338349300847,95,1.2487596144486588,-1,1,0
0,True,-1,758.8789732814953,6186.121571884627,5.498391761653001,,-41.49937607560056,75.06402129893691,96,0.7736444467195724,-1,0,1
5,True,1,761.1547123643431,12213.249592594217,4.3950136434791265,68.7,-37.46656375573153,85.54879146072837,97,2.275739082847849,2,0,0
4,True,0,779.0956888654632,1205.5496934398918,4.4734553611429195,59.1,-49.62000246431945,80.28050945617433,98,17.940976501120076,1,0,0
2,False,0,786.1053288347757,9942.139288855198,3.7895921016070195,28.0,-35.07296412146971,77.36719148123736,99,7.009639969312502,-1,1,0
2,False,0,814.1053288347757,9940.459340605326,1.2,28.0,-35.32140207571339,77.39911233009106,100,28.0,-1,1,0
1,True,0,817.8565692203271,9749.85728564112,7.71284776178879,61.0,-38.07033374834274,79.28384367078341,101,3.751240385551341,0,0,0
5,True,1,829.8547123643432,10200.0,3.737976664698018,68.7,-38.6332304223982,85.86498115713252,102,11.998143144016126,2,0,0
3,False,0,830.7303815528583,9826.734728414116,7.890863373492641,75.0650443792422,-37.12351726760126,76.24370091142357,103,0.8756691885150758,-1,1,0
4,True,0,838.1956888654632,1326.37899177297,5.4564580523481965,59.1,-49.804328288568456,80.29023615189813,104,7.465307312604978,1,0,0
2,False,0,842.1053288347757,9867.631675519191,3.7895921016070195,28.0,-35.71576827289648,77.43441317530637,105,3.9096399693124795,-1,1,0
0,True,-1,846.5342758469037,4714.642627418886,5.913476844981878,,-46.152527437716586,75.89244934095159,106,4.428947012127992,-1,0,1
0,True,-1,870.0088187791945,3114.553533067785,1.25054374050403,,-34.95196974954314,78.65826972508239,107,23.474542932290774,-1,0,1
2,False,0,870.1053288347757,10116.780128000886,1.2,28.0,-36.110134470079586,77.47336889172726,108,0.09651005558123416,-1,1,0
0,True,-1,875.3135911950274,6595.412704285528,4.378084897617889,,-45.10714310742701,83.68659028052463,109,5.208262360251638,-1,0,1
0,True,-1,891.2493211960949,1479.5715521179814,7.094400787852766,,-34.81501388804112,85.0145920554208,110,15.935730001067554,-1,0,1
1,True,0,893.8482124380749,9749.85728564112,7.71284776178879,75.99164321774785,-38.145455692230485,79.31256193031643,111,2.598891241980027,0,0,0
4,True,0,897.2956888654633,1450.0,5.168223197553112,59.1,-50.07362633650841,80.29912435094971,112,3.447476427388324,1,0,0
2,False,0,898.1053288347757,10020.63695974917,3.7895921016070195,28.0,-36.50450066726268,77.51622574987509,113,0.8096399693124567,-1,1,0
5,True,1,898.5547123643432,11265.489643637084,4.495981753827576,68.7,-39.799897089064864,86.22444633825982,114,0.4493835295675126,2,0,0
3,False,0,922.3593682276695,9826.734728414116,7.890863373492641,91.62898667481123,-37.42545957140152,76.28880252866526,115,23.804655863326275,-1,1,0
2,False,0,926.1053288347757,10136.934290216941,1.2,28.0,-36.89886686444578,77.56319948854775,116,3.7459606071062126,-1,1,0
2,False,0,954.1053288347757,10030.506030314096,3.7895921016070195,28.0,-37.293233061628875,77.61447362637124,117,28.0,-1,1,0
4,True,0,956.3956888654633,1205.5496934398918,4.68072423356817,59.1,-50.41535105397864,80.30721472148453,118,2.290360030687566,1,0,0
5,True,1,967.2547123643433,12213.249592594217,5.400553979770872,68.7,-40.96656375573153,86.61972713291624,119,10.859023498879992,2,0,0
2,False,0,982.1053288347757,10021.085841659038,1.2,28.0,-37.68759925881197,77.67019802551746,120,14.850616470432442,-1,1,0
3,False,0,983.3593682276695,9826.734728414116,7.890863373492641,61.0,-37.7201588992711,76.32988018872183,121,1.2540393928937874,-1,1,0
1,True,0,985.8482124380749,9749.85728564112,7.71284776178879,92.0,-38.246831493585795,79.3443454871619,122,2.488844210405432,0,0,0
2,False,0,1010.1053288347757,10148.758447859796,3.7895921016070195,28.0,-38.081965455995075,77.73048771882961,123,24.25711639670078,-1,1,0
4,True,0,1015.4956888654633,1326.37899177297,4.379664579558139,59.1,-50.81209731570462,80.31455417574792,124,5.390360030687589,1,0,0
0,True,-1,1030.7629390261786,1820.0369090994254,5.384133461325078,,-36.83871060800976,81.79528652891607,125,15.26725016071532,-1,0,1
5,True,1,1035.9547123643433,10200.0,5.8272297717064525,68.7,-42.1332304223982,87.04092289503379,126,5.191773338164694,2,0,0
2,False,0,1038.1053288347757,10061.256412132076,1.2,28.0,-38.47633165317817,77.79542200953415,127,2.1506164704323965,-1,1,0
0,True,-1,1039.962957822212,1866.6272222285872,2.4786893439687256,,-37.91535297387863,76.71345529969068,128,1.8576289874363283,-1,0,1
1,True,0,1046.8482124380748,9749.85728564112,7.71284776178879,61.0,-38.37366774931267,79.37949674371421,129,6.885254615862777,0,0,0
3,False,0,1058.4244126069118,9826.734728414116,7.890863373492641,75.0650443792422,-38.0053088294013,76.36716355502861,130,11.576200168836976,-1,1,0
0,True,-1,1060.9948619483957,11204.913578001566,5.051246057235029,,-52.32545883698263,83.61821933671752,131,2.5704493414839362,-1,0,1
2,False,0,1066.1053288347757,10076.256311290686,3.7895921016070195,28.0,-38.870697850361275,77.8650438505856,132,5.110466886379982,-1,1,0
0,True,-1,1070.5267610753167,10908.255621600172,7.4524993170692815,,-49.626253017828546,82.37004191645472,133,4.42143224054098,-1,0,1
4,True,0,1074.5956888654632,1450.0,4.5776604182915035,59.1,-51.242768824289165,80.32119550292313,134,4.0689277901465175,1,0,0
0,True,-1,1076.3907251348712,8805.384900211167,6.232366126682127,,-37.69512836927947,86.81514736936191,135,1.7950362694080013,-1,0,1
0,True,-1,1079.5747946049898,4631.374532042953,3.721576355251983,,-48.768927241271236,83.48294589337333,136,3.1840694701186294,-1,0,1
2,False,0,1098.1053288347757,9888.778407429007,1.2,32.0,-39.26506404754437,77.93935950850134,137,18.53053422978587,-1,1,0
5,True,1,1104.6547123643434,11265.489643637084,6.165389133652546,68.7,-43.299897089064864,87.47636691633852,138,6.549383529567649,2,0,0
1,True,0,1122.8398556558227,9749.85728564112,7.71284776178879,75.99164321774785,-38.52497179373911,79.41829174555141,139,18.185143291479335,0,0,0
2,False,0,1130.1053288347757,9914.221529042718,3.7895921016070195,32.0,-39.65943024472747,78.01833851431776,140,7.265473178953016,-1,1,0
0,True,-1,1131.2018415987188,2157.2971171618656,3.513530033578723,,-48.879668953719566,86.36756515865392,141,1.0965127639431103,-1,0,1
0,True,-1,1131.547983407266,8573.883613297996,8.580417246261876,,-47.65963135914612,84.98155512128362,142,0.34614180854714505,-1,0,1
0,True,-1,1133.3136107638124,5080.837139772684,6.7748081280312755,,-43.492028945830825,76.77748299638392,143,1.7656273565464744,-1,0,1
4,True,0,1133.6956888654631,1205.5496934398918,5.265295346325882,59.1,-51.68400386520203,80.32719695598448,144,0.3820781016506771,1,0,0
3,False,0,1150.053399281723,9826.734728414116,7.890863373492641,91.62898667481123,-38.27867767696829,76.40091198651403,145,16.357710416259806,-1,1,0
2,False,0,1162.1053288347757,10151.024265700258,1.2,32.0,-40.05379644191057,78.10191390205108,146,12.051929553052787,-1,1,0
0,True,-1,1171.4227845880032,9286.003806473542,3.488412402108061,,-35.52840267617417,87.39305491353134,147,9.317455753227478,-1,0,1
5,True,1,1173.3547123643434,12213.249592594217,5.635158682772632,68.7,-43.53343624426847,87.91342149323927,148,1.931927776340217,2,0,0
4,True,0,1192.795688865463,1326.37899177297,4.3344502895331,59.1,-52.11175892549092,80.33262179578877,149,19.44097650111962,1,0,0
2,False,0,1194.1053288347757,10014.127640443201,3.7895921016070195,32.0,-40.44816263909367,78.18998273279698,150,1.3096399693126841,-1,1,0
5,True,1,1202.3547123643434,10200.0,3.431606936217814,29.0,-42.3667695776018,88.0,151,8.249383529567694,2,0,0
0,True,-1,1206.1530695408183,2801.8331119242966,5.586412508846125,,-43.91860004813787,81.08705108158482,152,3.7983571764748376,-1,0,1
3,False,0,1211.053399281723,9826.734728414116,7.890863373492641,61.0,-38.53812596009269,76.43141250776434,153,4.900329740904681,-1,1,0
1,True,0,1214.8398556558227,9749.85728564112,7.71284776178879,92.0,-38.69955946757186,79.46097802100435,154,3.786456374099771,0,0,0
0,True,-1,1221.094686145329,4495.582597803831,6.266695098337086,,-51.46708954446011,75.98523620163023,155,6.254830489506276,-1,0,1
2,False,0,1226.1053288347757,10081.636833436876,1.2,32.0,-40.84252883627676,78.2824069003672,156,5.01064268944674,-1,1,0
5,True,0,1236.774306264358,8996.175202260922,4.0725115594271095,18.773239825687106,-48.49112715480224,82.69735046084881,157,10.668977429582355,2,0,0
4,True,0,1251.895688865463,1450.0,5.314703145631505,59.1,-52.5029396292429,80.33753779597336,158,15.12138260110487,1,0,0
2,False,0,1258.1053288347757,10046.474783698606,3.7895921016070195,32.0,-41.23689503345987,78.37901421215763,159,6.209639969312775,-1,1,0
5,True,0,1265.4743062643581,8996.175202260922,4.0725115594271095,28.7,-46.80691662848645,83.0335323709566,160,7.368977429582401,2,0,0
1,True,0,1275.8398556558227,9749.85728564112,7.71284776178879,61.0,-38.89606438554847,79.50777264391185,161,10.365549391464583,0,0,0
5,True,0,1284.2475460900453,8996.175202260922,4.0725115594271095,18.773239825687106,-45.12270610217066,83.29193570121643,162,8.407690434222559,2,0,0
3,False,0,1286.118443660965,9826.734728414116,7.890863373492641,75.0650443792422,-38.78162314418606,76.45897756266703,163,1.8708975709198512,-1,1,0
2,False,0,1290.1053288347757,10167.933153466181,1.2,32.0,-41.63126123064296,78.47959973678887,164,3.986885173810606,-1,1,0
4,True,0,1310.9956888654629,1205.5496934398918,4.294287359715702,59.1,-52.83696513090869,80.34201671253551,165,20.890360030687134,1,0,0
5,True,0,1312.9475460900453,8996.175202260922,4.0725115594271095,28.7,-43.43849557585487,83.47877913070603,166,1.9518572245824544,2,0,0
2,False,0,1322.1053288347757,9992.523985209526,3.7895921016070195,32.0,-41.97437257217394,78.58392740797225,167,9.157782744730412,-1,1,0
5,True,0,1331.7207859157324,8996.175202260922,4.0725115594271095,18.773239825687106,-44.245714950460915,83.60803596411795,168,9.61545708095673,2,0,0
1,True,0,1351.8314988735706,9749.85728564112,7.71284776178879,75.99164321774785,-39.11294863025454,79.55886053472362,169,20.110712957838132,0,0,0
2,False,0,1354.1053288347757,10057.031927031316,1.2,32.0,-41.58000637499084,78.69173187204848,170,2.273829961205138,-1,1,0
5,True,0,1360.4207859157323,8996.175202260922,4.0725115594271095,28.7,-45.9299254767767,83.69991990737782,171,6.3154570809565485,2,0,0
4,True,0,1370.0956888654628,1326.37899177297,4.382658124282865,59.1,-53.097156770502615,80.34613372224449,172,9.674902949730495,1,0,0
3,False,0,1377.7474303357762,9826.734728414116,7.890863373492641,91.62898667481123,-39.007263533637165,76.48394256911385,173,7.651741470313482,-1,1,0
5,True,0,1379.1940257414194,8996.175202260922,4.0725115594271095,18.773239825687106,-47.6141360030925,83.77869459895936,174,1.4465954056431656,2,0,0
2,False,0,1386.1053288347757,10121.2158807115,3.7895921016070195,32.0,-41.18564017780774,78.8027205647399,175,6.9113030933563095,-1,1,0
5,True,0,1407.8940257414195,8996.175202260922,4.0725115594271095,28.7,-49.298346529408285,83.87004426816671,176,21.788696906643736,2,0,0
2,False,0,1418.1053288347757,9917.089093528059,1.2,32.0,-40.791273980624645,78.9165760008626,177,10.211303093356264,-1,1,0
5,True,0,1426.6672655671066,8996.175202260922,4.0725115594271095,18.773239825687106,-50.98255705572407,83.99829045035727,178,8.561936732330878,2,0,0
4,True,0,1429.1956888654627,1450.0,5.591927864320532,59.1,-53.27185410567552,80.34996683428133,179,2.528423298356074,1,0,0
3,False,0,1438.7474303357762,9826.734728414116,7.890863373492641,61.0,-39.21328118646403,76.50666329390097,180,9.551741470313573,-1,1,0
1,True,0,1443.8314988735706,9749.85728564112,7.71284776178879,92.0,-39.34851478841274,79.61439301324693,181,5.084068537794337,0,0,0
2,False,0,1450.1053288347757,9933.62797474955,3.7895921016070195,32.0,-40.39690778344154,79.03295825907848,182,6.273829961205138,-1,1,0
5,True,0,1455.3672655671066,8996.175202260922,4.0725115594271095,28.7,-49.33323241796013,84.1837563711984,183,5.261936732330923,2,0,0
5,True,0,1474.1405053927938,8996.175202260922,4.0725115594271095,18.773239825687106,-47.649021891644345,84.44056460981895,184,18.773239825687142,2,0,0
2,False,0,1478.1053288347757,10182.081678333547,1.2,28.0,-40.002541586258445,79.1515076422405,185,3.9648234419819346,-1,1,0
4,True,0,1488.2956888654626,1205.5496934398918,5.0024190887703295,59.1,-53.355180532116655,80.35359627971135,186,10.190360030686861,1,0,0
5,True,0,1502.8405053927936,8996.175202260922,4.0725115594271095,28.7,-45.96481136532856,84.77510669822617,187,14.544816527331022,2,0,0
1,True,0,1504.8314988735706,9749.85728564112,7.71284776178879,61.0,-39.60091923544307,79.67448661436406,188,1.9909934807769787,0,0,0
2,False,0,1506.1053288347757,9841.302448788809,3.7895921016070195,28.0,-39.60817538907535,79.27184749251064,189,1.2738299612051378,-1,1,0
3,False,0,1513.8124747150184,9826.734728414116,7.890863373492641,75.0650443792422,-39.39806373520422,76.52751306837146,190,7.707145880242706,-1,1,0
5,True,0,1521.6137452184807,8996.175202260922,4.0725115594271095,18.773239825687106,-44.28060083901277,85.18535049963806,191,7.8012705034623195,2,0,0
2,False,0,1534.1053288347757,9949.423005361994,1.2,28.0,-39.213809191892246,79.3935871392182,192,12.491583616294974,-1,1,0
4,True,0,1547.3956888654625,1326.37899177297,5.436551305803322,59.1,-53.34740524763236,80.35710388356713,193,13.29036003068677,1,0,0
5,True,0,1550.3137452184808,8996.175202260922,4.0725115594271095,28.7,-43.40360968730302,85.66106042203542,194,2.918056353018301,2,0,0
2,False,0,1562.1053288347757,9973.621832390654,3.7895921016070195,28.0,-38.81944299470915,79.5163249563874,195,11.791583616294929,-1,1,0
5,True,0,1569.0869850441677,8996.175202260922,4.0725115594271095,18.773239825687106,-45.08782021361881,86.18490660337874,196,6.981656209391986,2,0,0
1,True,0,1580.8231420913185,9749.85728564112,7.71284776178879,75.99164321774785,-39.86818656432493,79.73922217598879,197,11.736157047150755,0,0,0
2,False,0,1590.1053288347757,9960.284506580023,1.2,28.0,-38.42507679752605,79.63965150600522,198,9.28218674345726,-1,1,0
5,True,0,1597.7869850441677,8996.175202260922,4.0725115594271095,28.7,-46.7720307399346,86.7343428710607,199,7.681656209392031,2,0,0
3,False,0,1605.4414613898296,9826.734728414116,7.890863373492641,91.62898667481123,-39.5601650058764,76.54687986659138,200,7.654476345661806,-1,1,0
4,True,0,1606.4956888654624,1450.0,4.24316644717839,59.1,-53.25487658685193,80.36057242445682,201,1.0542274756328425,1,0,0
5,True,0,1616.560224869855,8996.175202260922,4.0725115594271095,18.773239825687106,-48.45624126625039,87.28404996954814,202,10.064536004392494,2,0,0
2,False,0,1618.1053288347757,9970.661885839127,3.7895921016070195,28.0,-38.03071060034296,79.76315274242903,203,1.545103964920827,-1,1,0
5,True,0,1645.260224869855,8996.175202260922,4.0725115594271095,28.7,-50.140451792566175,87.80867929458766,204,27.15489603507922,2,0,0
2,False,0,1646.1053288347757,10147.904448590125,1.2,28.0,-37.63634440315985,79.88641325285508,205,0.8451039649207814,-1,1,0
5,True,0,1664.033464695542,8996.175202260922,4.0725115594271095,18.773239825687106,-50.17533768111803,88.0,206,17.92813586076636,2,0,0
4,True,0,1665.5956888654623,1205.5496934398918,4.620644321494246,59.1,-53.08953177192907,80.3640849867092,207,1.5622241699202277,1,0,0
3,False,0,1666.4414613898296,9826.734728414116,7.890863373492641,61.0,-39.69831633625253,76.56516326892658,208,0.8457725243672485,-1,1,0
1,True,0,1672.8231420913185,9749.85728564112,7.71284776178879,92.0,-40.14822504583537,79.80864420640012,209,6.381680701488904,0,0,0
2,False,0,1674.1053288347757,10075.593740215561,3.7895921016070195,28.0,-37.24197820597676,80.00901950848693,210,1.2821867434572596,-1,1,0
5,True,0,1692.733464695542,8996.175202260922,4.0725115594271095,28.7,-48.49112715480224,88.0,211,18.62813586076618,2,0,0
2,False,0,1702.1053288347757,10056.854951994155,1.2,28.0,-36.847612008793654,80.13056310095902,212,9.371864139233821,-1,1,0
4,True,0,1724.6956888654622,1326.37899177297,4.240778615233388,59.1,-52.86801778656737,80.36772431012625,213,22.590360030686497,1,0,0
2,False,0,1730.1053288347757,10006.035262460538,3.7895921016070195,28.0,-36.45324581161056,80.25064393868574,214,5.409639969313503,-1,1,0
1,True,0,1733.8231420913185,9749.85728564112,7.71284776178879,61.0,-40.43884299916636,79.88276053590462,215,3.7178132565427404,0,0,0
5,True,1,1734.6742625112272,10200.0,5.160355155463306,29.0,-37.34591555836615,82.54004743427178,216,0.8511204199087388,2,0,0
3,False,0,1741.5065057690717,9826.734728414116,7.890863373492641,75.0650443792422,-39.81143650485994,76.58277133478467,217,6.832243257844539,-1,1,0
2,False,0,1758.1053288347757,9843.22675357096,1.2,28.0,-36.05887961442746,80.36887337812072,218,16.598823065703982,-1,1,0
5,True,1,1763.6742625112272,11272.780817372042,3.8249308329918303,29.0,-37.73100751855692,82.8690815469727,219,5.568933676451479,2,0,0
4,True,0,1783.7956888654621,1450.0,4.369045668996285,59.1,-52.61048530792777,80.37157214243192,220,20.121426354234927,1,0,0
2,False,0,1786.1053288347757,10190.992767848971,3.7895921016070195,28.0,-35.664513417244365,80.48487726541943,221,2.3096399693135936,-1,1,0
5,True,1,1792.6742625112272,12300.0,4.133910375920297,29.0,-38.80793059548,83.16101926802675,222,6.568933676451479,2,0,0
1,True,0,1809.8147853090663,9749.85728564112,7.71284776178879,75.99164321774785,-40.737765944798724,79.96154225555375,223,17.14052279783914,0,0,0
2,False,0,1818.1053288347757,9853.951769554222,1.2,32.0,-35.27014722006126,80.59829886470028,224,8.290543525709381,-1,1,0
5,True,1,1821.6742625112272,10200.0,3.855103175480695,29.0,-39.88485367240308,83.41230570711697,225,3.568933676451479,2,0,0
3,False,0,1833.1354924438829,9826.734728414116,7.890863373492641,91.62898667481123,-39.898640193005264,76.60011740899684,226,11.46122993265567,-1,1,0
4,True,0,1842.895688865462,1205.5496934398918,4.984717586970888,59.1,-52.33914051582585,80.3757085994854,227,9.760196421579167,1,0,0
2,False,0,1850.1053288347757,10081.863990049782,3.7895921016070195,32.0,-35.12421897712183,80.70880164998664,228,7.209639969313685,-1,1,0
5,True,1,1850.6742625112272,11272.780817372042,5.97736616412634,29.0,-40.961776749326155,83.62174847867277,229,0.5689336764514792,2,0,0
5,True,1,1879.6742625112272,12300.0,4.02101937657622,29.0,-42.03869982624923,83.79058699898513,230,29.0,2,0,0
2,False,0,1882.1053288347757,9950.549109080324,1.2,32.0,-35.51858517430494,80.81607193897887,231,2.431066323548521,-1,1,0
3,False,0,1894.1354924438829,9826.734728414116,7.890863373492641,61.0,-39.959244913593636,76.61761688683416,232,12.030163609107149,-1,1,0
1,True,0,1901.8147853090663,9749.85728564112,7.71284776178879,92.0,-41.042654405388156,80.04492394339546,233,7.67929286518347,0,0,0
4,True,0,1901.995688865462,1326.37899177297,5.193812353633253,59.1,-52.07665653774052,80.38021153826597,234,0.18090355639560585,1,0,0
5,True,1,1908.6742625112272,10200.0,5.815297403592638,29.0,-43.11562290317231,83.9224204558368,235,6.678573645765255,2,0,0
2,False,0,1914.1053288347757,10072.189237962044,3.7895921016070195,32.0,-35.912951371488035,80.91982134804358,236,5.431066323548521,-1,1,0
5,True,1,1937.6742625112272,11272.780817372042,4.534723735688711,29.0,-43.80745401990461,84.02299863679097,237,23.56893367645148,2,0,0
2,False,0,1946.1053288347757,10157.998289688425,1.2,32.0,-36.30731756867113,81.0,238,8.43106632354852,-1,1,0
4,True,0,1961.0956888654619,1450.0,4.285590635747639,59.1,-51.8445560948126,80.38515594753642,239,14.990360030686134,1,0,0
1,True,0,1962.8147853090663,9749.85728564112,7.71284776178879,61.0,-41.3511222153475,80.13280417648974,240,1.719096443604485,0,0,0
3,False,0,1969.200536823125,9826.734728414116,7.890863373492641,75.0650443792422,-39.99277635251554,76.63568396297629,241,6.385751514058711,-1,1,0
2,False,0,1978.1053288347757,10134.82475344651,3.7895921016070195,32.0,-36.70168376585423,81.0,242,8.90479201165067,-1,1,0
5,True,1,1986.5242625112273,12300.0,4.784262071563096,48.85,-42.73053094298154,84.0998877724377,243,8.418933676451616,2,0,0
2,False,0,2010.1053288347757,10185.066892193907,1.2,32.0,-37.09604996303733,81.0,244,23.581066323548384,-1,1,0
4,True,0,2020.1956888654618,1205.5496934398918,5.110358441734716,59.1,-51.66167890128349,80.3906133609544,245,10.090360030686043,1,0,0
5,True,1,2035.3742625112272,10200.0,4.826916631184333,48.85,-41.65360786605846,84.16203081457411,246,15.178573645765482,2,0,0
1,True,0,2038.8064285268142,9749.85728564112,7.71284776178879,75.99164321774785,-41.66075519582772,80.22504632468068,247,3.432166015586972,0,0,0
2,False,0,2042.1053288347757,10090.261178776602,3.7895921016070195,32.0,-37.490416160220434,81.0,248,3.298900307961503,-1,1,0
3,False,0,2060.8295234979364,9826.734728414116,7.890863373492641,91.62898667481123,-39.99897208079781,76.6547283898766,249,18.724194663160688,-1,1,0
2,False,0,2074.1053288347757,9930.068064594589,1.2,32.0,-37.88478235740353,81.0,250,13.275805336839312,-1,1,0
4,True,0,2079.2956888654617,1326.37899177297,4.819527693425531,59.1,-51.54284139870147,80.39665129722461,251,5.190360030685952,1,0,0
5,True,1,2084.224262511227,11272.780817372042,3.476621495806109,48.85,-40.576684789135385,84.21922770435228,252,4.928573645765482,2,0,0
2,False,0,2106.1053288347757,9972.903538685865,3.7895921016070195,32.0,-38.27914855458663,81.0,253,21.881066323548566,-1,1,0
3,False,0,2121.8295234979364,9826.734728414116,7.890863373492641,61.0,-39.97778360846616,76.67515227089365,254,15.724194663160688,-1,1,0
1,True,0,2130.806428526814,9749.85728564112,7.71284776178879,92.0,-41.96913004894063,80.32147961991254,255,8.976905028877809,0,0,0
5,True,1,2133.074262511227,12300.0,6.046577104505404,48.85,-39.499761712212305,84.2815658353208,256,2.267833984412846,2,0,0
2,False,0,2138.1053288347757,10104.457237123164,1.2,32.0,-38.67351475176973,81.0,257,5.031066323548657,-1,1,0
4,True,0,2138.3956888654616,1450.0,4.3029578373458985,59.1,-51.49778289535814,80.40333273167323,258,0.2903600306858607,1,0,0
2,False,0,2170.1053288347757,9954.877147377363,3.7895921016070195,32.0,-39.067880948952826,81.0,259,31.70963996931414,-1,1,0
5,True,1,2181.9242625112274,10200.0,5.831271139612336,48.85,-38.42283863528923,84.35883381077801,260,11.818933676451707,2,0,0
1,True,0,2191.806428526814,9749.85728564112,7.71284776178879,61.0,-42.27383332335055,80.42190049272148,261,9.88216601558679,0,0,0
3,False,0,2196.894567877179,9826.734728414116,7.890863373492641,75.0650443792422,-39.929376764044974,76.69734691328718,262,5.0881393503645995,-1,1,0
4,True,0,2197.4956888654615,1205.5496934398918,4.826419090431681,59.1,-51.530472077783294,80.4107156033808,263,0.6011209882826734,1,0,0
5,True,1,2230.7742625112273,11272.780817372042,3.670545105318322,48.85,-37.34591555836615,84.45995256572822,264,33.278573645765846,2,0,0
4,True,0,2256.5956888654614,1326.37899177297,4.576038639716146,59.1,-51.63882257366538,80.41885236173022,265,25.821426354234063,1,0,0
1,True,0,2267.798071744562,9749.85728564112,7.71284776178879,75.99164321774785,-42.57248030280326,80.52607416544255,266,11.202382879100696,0,0,0
5,True,1,2279.6242625112272,12300.0,4.805635027775875,48.85,-37.73100751855692,84.59245691456576,267,11.82619076666515,2,0,0
3,False,0,2288.52355455199,9826.734728414116,7.890863373492641,91.62898667481123,-39.854130396724265,76.72168976570829,268,8.899292040762703,-1,1,0
4,True,0,2315.6956888654613,1450.0,4.3925468491508886,59.1,-51.814837546453646,80.42778955591926,269,27.17213431347136,1,0,0
5,True,1,2328.4742625112276,10200.0,5.132234186684176,48.85,-38.80793059548,84.76205765505019,270,12.7785736457663,2,0,0
3,False,0,2349.52355455199,9826.734728414116,7.890863373492641,61.0,-39.75263341135112,76.74854146415194,271,21.04929204076234,-1,1,0
1,True,0,2359.798071744562,9749.85728564112,7.71284776178879,92.0,-42.86273366976399,80.63373648966326,272,10.274517192572148,0,0,0
4,True,0,2374.795688865461,1205.5496934398918,5.1609529059970845,59.1,-52.04517320237902,80.43756747065,273,14.997617120899122,1,0,0
5,True,1,2397.1742625112274,11272.780817372042,5.140115911733496,68.7,-39.88485367240308,84.97230967749842,274,22.37857364576621,2,0,0
1,True,0,2420.798071744562,9749.85728564112,7.71284776178879,61.0,-43.142321798096226,80.74459601354305,275,23.62380923333467,0,0,0
3,False,0,2424.5885989312324,9826.734728414116,7.890863373492641,75.0650443792422,-39.62568015945079,76.77824300949139,276,3.7905271866702606,-1,1,0
4,True,0,2433.895688865461,1326.37899177297,4.795177511592569,59.1,-52.31208170007186,80.44821981084635,277,9.30708993422877,1,0,0
5,True,1,2465.8742625112272,12300.0,5.096158268433112,68.7,-40.961776749326155,85.22440536748107,278,31.97857364576612,2,0,0
4,True,0,2492.995688865461,1450.0,5.463276042009969,59.1,-52.59466733104999,80.45977343786738,279,27.12142635423379,1,0,0
1,True,0,2496.78971496231,9749.85728564112,7.71284776178879,75.99164321774785,-43.409056531616166,80.85833626281905,280,3.7940260968489383,0,0,0
3,False,0,2516.2175856060435,9826.734728414116,7.890863373492641,91.62898667481123,-39.474264222348964,76.81111309868392,281,19.427870643733513,-1,1,0
5,True,1,2534.5742625112275,10200.0,3.6402303721668265,68.7,-42.03869982624923,85.51710530870719,282,18.35667690518403,2,0,0
4,True,0,2552.095688865461,1205.5496934398918,4.558592084584592,59.1,-52.8703678517912,80.47224815928077,283,17.521426354233427,1,0,0
3,False,0,2577.2175856060435,9826.734728414116,7.890863373492641,61.0,-39.29957063505078,76.84744563053512,284,25.121896740582542,-1,1,0
1,True,0,2588.78971496231,9749.85728564112,7.71284776178879,92.0,-43.6608503093817,80.97461821764641,285,11.572129356266487,0,0,0
5,True,1,2603.274262511228,11272.780817372042,5.325968124887236,68.7,-43.115622903172316,85.84681031339397,286,14.484547548917817,2,0,0
4,True,0,2611.195688865461,1326.37899177297,4.421629220399048,59.1,-53.116557035849965,80.48565657384167,287,7.921426354233063,1,0,0
1,True,0,2649.78971496231,9749.85728564112,7.71284776178879,61.0,-43.8957325036872,81.09308296588813,288,38.59402609684912,0,0,0
3,False,0,2652.282629985286,9826.734728414116,7.890863373492641,75.0650443792422,-39.10296661173518,76.88750740554224,289,2.4929150229759216,-1,1,0
4,True,0,2670.2956888654608,1450.0,5.0203268045470795,59.1,-53.31215598577536,80.50000397289045,290,18.013058880174867,1,0,0
5,True,1,2671.9742625112276,12300.0,3.792847051093946,68.7,-43.80745401990461,86.20777059397824,291,1.6785736457668463,2,0,0
1,True,0,2725.781358180058,9749.85728564112,7.71284776178879,75.99164321774785,-44.11186484289716,81.21335451208923,292,53.80709566883024,0,0,0
4,True,0,2729.3956888654607,1205.5496934398918,5.0136896358067045,59.1,-53.43914009731727,80.51528829894072,293,3.6143306854028197,1,0,0
5,True,1,2740.6742625112274,10200.0,5.0767309636890685,68.7,-42.73053094298154,86.59241991986998,294,11.278573645766755,2,0,0
3,False,0,2743.911616660097,9826.734728414116,7.890863373492641,91.62898667481123,-38.88599084545017,76.93153603781847,295,3.237354148869599,-1,1,0
4,True,0,2788.4956888654606,1326.37899177297,4.422022593964265,59.1,-53.48383584818584,80.53150016178193,296,44.584072205363555,1,0,0
3,False,0,2804.911616660097,9826.734728414116,7.890863373492641,61.0,-38.65034146575357,76.9797380954405,297,16.415927794636445,-1,1,0
5,True,1,2809.3742625112277,11272.780817372042,4.582614474398316,68.7,-41.65360786605845,86.99181533927205,298,4.462645851130674,2,0,0
1,True,0,2817.781358180058,9749.85728564112,7.71284776178879,92.0,-44.307555798414214,81.33504272015087,299,8.407095668830152,0,0,0
4,True,0,2847.5956888654605,1450.0,5.548896794667593,59.1,-53.43791628061048,80.54862291197063,300,29.814330685402638,1,0,0
5,True,1,2878.074262511228,12300.0,3.876528172742642,68.7,-40.576684789135385,87.39615691103234,301,30.478573645767483,2,0,0
1,True,0,2878.781358180058,9749.85728564112,7.71284776178879,61.0,-44.48127382318384,81.45774636667447,302,0.7070956688298793,0,0,0
3,False,0,2879.9766610393394,9826.734728414116,7.890863373492641,75.0650443792422,-38.397862748546736,77.03228748377308,303,1.1953028592815826,-1,1,0
4,True,0,2906.6956888654604,1205.5496934398918,5.622691275593997,59.1,-53.299025131543274,80.56663277113475,304,26.719027826120964,1,0,0
5,True,1,2907.074262511228,10200.0,5.275656330191403,29.0,-39.499761712212305,87.79535724160226,305,0.3785736457675739,2,0,0
5,True,1,2936.074262511228,11272.780817372042,4.071433892119931,29.0,-38.42283863528923,88.0,306,29.0,2,0,0
1,True,0,2954.7730013978057,9749.85728564112,7.71284776178879,75.99164321774785,-44.63165933812661,81.58105628107865,307,18.698738886577758,0,0,0
5,True,1,2965.074262511228,12300.0,4.294165889596373,29.0,-37.34591555836615,88.0,308,10.301261113422242,2,0,0
4,True,0,2965.7956888654603,1326.37899177297,4.844260178003943,59.1,-53.070985559386266,80.58549901807176,309,0.7214263542323351,1,0,0
3,False,0,2971.6056477141506,9826.734728414116,7.890863373492641,91.62898667481123,-38.1305306821151,77.08932408442385,310,5.809958848690258,-1,1,0
4,True,0,3024.89568886546,1450.0,4.446966486553768,59.1,-52.76357850031612,80.60518422918368,311,53.29004115130965,1,0,0
3,False,0,3032.6056477141506,9826.734728414116,7.890863373492641,61.0,-37.85043750234071,77.15095266048006,312,7.7099588486903485,-1,1,0
1,True,0,3046.7730013978057,9749.85728564112,7.71284776178879,92.0,-44.75753537268788,81.70455854791388,313,14.167353683655165,0,0,0
4,True,0,3083.99568886546,1205.5496934398918,5.247595864671735,59.1,-52.391905822881306,80.62564457136743,314,37.222687467654396,1,0,0
3,False,0,3107.670692093393,9826.734728414116,7.890863373492641,75.0650443792422,-37.55977531811967,77.2172420365954,315,23.675003227932848,-1,1,0
1,True,0,3107.7730013978057,9749.85728564112,7.71284776178879,61.0,-44.85791677622817,81.82783774631201,316,0.10230930441275632,0,0,0
4,True,0,3143.09568886546,1326.37899177297,5.19257588055501,59.1,-51.975382525108984,80.64683014506836,317,35.322687467654305,1,0,0
1,True,0,3183.7646446155536,9749.85728564112,7.71284776178879,75.99164321774785,-44.93201792816265,81.95048020121793,318,40.66895575009357,0,0,0
3,False,0,3199.299678768204,9826.734728414116,7.890863373492641,91.62898667481123,-37.260818955137864,77.28822456034372,319,15.535034152650496,-1,1,0
4,True,0,3202.19568886546,1450.0,5.593142893136423,59.1,-51.53642819669145,80.66868537481189,320,2.8960100972558394,1,0,0
3,False,0,3260.299678768204,9826.734728414116,7.890863373492641,61.0,-36.95590815227563,77.36389584905548,321,58.10398990274416,-1,1,0
4,True,0,3261.29568886546,1205.5496934398918,4.95335870256553,59.1,-51.09894902973252,80.69114944415693,322,0.9960100972557484,1,0,0
1,True,0,3275.7646446155536,9749.85728564112,7.71284776178879,92.0,-44.97925888650737,82.07207722095761,323,14.468955750093755,0,0,0
4,True,0,3320.3956888654598,1326.37899177297,5.614717793199755,59.1,-50.68671632937402,80.71415677166704,324,44.631044249906154,1,0,0
3,False,0,3335.3647231474465,9826.734728414116,7.890863373492641,75.0650443792422,-36.647429249978735,77.44421482411802,325,14.969034281986751,-1,1,0
1,True,0,3336.7646446155536,9749.85728564112,7.71284776178879,61.0,-44.99926992671162,82.1922282958047,326,1.3999214681070953,0,0,0
4,True,0,3379.4956888654597,1450.0,4.413002806053221,59.1,-50.321754722678385,80.73763752417405,327,42.73104424990606,1,0,0
1,True,0,3412.7562878333015,9749.85728564112,7.71284776178879,75.99164321774785,-44.99189443525384,82.31054423251211,328,33.260598967841815,0,0,0
3,False,0,3426.9937098222576,9826.734728414116,7.890863373492641,91.62898667481123,-36.33779651390878,77.52910403247138,329,14.237421988956157,-1,1,0
4,True,0,3438.5956888654596,1205.5496934398918,5.147464122103722,59.1,-50.02285258265384,80.7615181633173,330,11.601979043201936,1,0,0
3,False,0,3487.9937098222576,9826.734728414116,7.890863373492641,61.0,-36.02943324004111,77.6184502527836,331,49.398020956798064,-1,1,0
4,True,0,3497.6956888654595,1326.37899177297,5.577891729976502,59.1,-49.8042986220418,80.78572202108101,332,9.701979043201845,1,0,0
1,True,0,3504.7562878333015,9749.85728564112,7.71284776178879,92.0,-44.957190135354736,82.42665020027685,333,7.060598967841997,0,0,0
4,True,0,3556.7956888654594,1450.0,5.34886502905,59.1,-49.67493276838964,80.81016989982548,334,52.03940103215791,1,0,0
3,False,0,3563.0587542015,9826.734728414116,7.890863373492641,75.0650443792422,-35.72475278908811,77.7121053815611,335,6.263065336040654,-1,1,0
1,True,0,3565.7562878333015,9749.85728564112,7.71284776178879,61.0,-44.89542863521486,82.54018866429931,336,2.6975336318014342,0,0,0
4,True,0,3615.8956888654593,1205.5496934398918,5.575551779021922,59.1,-49.63757741809836,80.83478069211593,337,50.13940103215782,1,0,0
1,True,0,3641.7479310510494,9749.85728564112,7.71284776178879,75.99164321774785,-44.80709330231214,82.6508221839778,338,25.852242185590057,0,0,0
3,False,0,3654.687740876311,9826.734728414116,7.890863373492641,91.62898667481123,-35.426139698679506,77.8098875922593,339,12.939809825261818,-1,1,0
4,True,0,3674.995688865459,1326.37899177297,5.635684206076845,59.1,-49.688888525015614,80.85947201549824,340,20.307947989148033,1,0,0
3,False,0,3715.687740876311,9826.734728414116,7.890863373492641,61.0,-35.13593102112235,77.91158275832188,341,40.69205201085197,-1,1,0
1,True,0,3733.7479310510494,9749.85728564112,7.71284776178879,92.0,-44.692875480396005,82.7582360538388,342,18.06019017473818,0,0,0
4,True,0,3734.095688865459,1450.0,4.8117267723868595,59.1,-49.81963657546986,80.88416085725329,343,0.3477578144097606,1,0,0
3,False,0,3790.7527852555536,9826.734728414116,7.890863373492641,75.0650443792422,-34.85639803279798,78.01694612901146,344,56.657096390094466,-1,1,0
4,True,0,3793.195688865459,1205.5496934398918,5.592951227768046,59.1,-50.01539739662154,80.9087642240841,345,2.442903609905443,1,0,0
1,True,0,3794.7479310510494,9749.85728564112,7.71284776178879,61.0,-44.5536690787852,82.86214076653397,346,1.5522421855903303,0,0,0
4,True,0,3852.295688865459,1326.37899177297,5.415799852226819,59.1,-50.2576040479709,80.9331997916508,347,57.54775781440958,1,0,0
1,True,0,3870.7395742687972,9749.85728564112,7.71284776178879,75.99164321774785,-44.390563576315344,82.96227427862766,348,18.4438854033383,0,0,0
3,False,0,3882.3817719303647,9826.734728414116,7.890863373492641,91.62898667481123,-34.58972845834488,78.12570424491585,349,11.64219766156748,-1,1,0
4,True,0,3911.395688865459,1450.0,5.081764958888817,59.1,-50.52488576745843,80.95738654887028,350,29.01391693509413,1,0,0
3,False,0,3943.3817719303647,9826.734728414116,7.890863373492641,61.0,-34.338009348747114,78.23755707813886,351,31.98608306490587,-1,1,0
1,True,0,3962.7395742687972,9749.85728564112,7.71284776178879,92.0,-44.20483549468987,83.05840406144218,352,19.35780233843252,0,0,0
4,True,0,3970.4956888654588,1205.5496934398918,5.45052091629232,59.1,-50.79459985490773,80.9812454319378,353,7.756114596661519,1,0,0
3,False,0,4018.446816309607,9826.734728414116,7.890863373492641,75.0650443792422,-34.103210747330664,78.35218038042525,354,47.95112744414837,-1,1,0
1,True,0,4023.7395742687972,9749.85728564112,7.71284776178879,61.0,-43.99793840796695,83.15032892090983,355,5.292757959190112,0,0,0
4,True,0,4029.5956888654587,1326.37899177297,4.814332344311313,59.1,-51.04444888401079,81.0,356,5.856114596661428,1,0,0
4,True,0,4088.6956888654586,1450.0,4.8744366126982355,59.1,-51.25406968478187,81.0,357,59.09999999999991,1,0,0
1,True,0,4099.731217486546,9749.85728564112,7.71284776178879,75.99164321774785,-43.77149156637162,83.23788057218937,358,11.035528621086996,0,0,0
3,False,0,4110.075802984418,9826.734728414116,7.890863373492641,91.62898667481123,-33.88717027150332,78.46922822084305,359,10.344585497872686,-1,1,0
4,True,0,4147.795688865458,1205.5496934398918,5.507027135653479,59.1,-51.40648254804255,81.0,360,37.71988588103977,1,0,0
3,False,0,4171.075802984418,9826.734728414116,7.890863373492641,61.0,-33.69157873090694,78.58833569316208,361,23.280114118960228,-1,1,0
1,True,0,4191.731217486546,9749.85728564112,7.71284776178879,92.0,-43.52726722346735,83.32092495672308,362,20.655414502127314,0,0,0
4,True,0,4206.895688865458,1326.37899177297,5.045267513630099,59.1,-51.48929893098413,81.0,363,15.164471378912822,1,0,0
3,False,0,4246.14084736366,9826.734728414116,7.890863373492641,75.0650443792422,-33.517966894539505,78.70912177174002,364,39.24515849820182,-1,1,0
1,True,0,4252.731217486546,9749.85728564112,7.71284776178879,61.0,-43.267176765868946,83.39936329142664,365,6.590370122885361,0,0,0
4,True,0,4265.995688865459,1450.0,4.592073127722749,59.1,-51.495602899310775,81.0,366,13.264471378913186,1,0,0
1,True,0,4328.722860704293,9749.85728564112,7.71284776178879,75.99164321774785,-42.993255754050814,83.47313284180082,367,62.72717183883469,0,0,0
3,False,0,4337.769834038471,9826.734728414116,7.890863373492641,91.62898667481123,-33.36769351041221,78.83119229356461,368,9.046973334177892,-1,1,0
3,False,0,4398.769834038471,9826.734728414116,7.890863373492641,61.0,-33.24193467150404,78.95414304311365,369,61.0,-1,1,0
1,True,0,4420.722860704293,9749.85728564112,7.71284776178879,92.0,-42.707647991326255,83.54220741291394,370,21.953026665822108,0,0,0
3,False,0,4473.834878417713,9826.734728414116,7.890863373492641,75.0650443792422,-33.14167461123958,79.07756291588956,371,53.112017713419846,-1,1,0
1,True,0,4481.722860704293,9749.85728564112,7.71284776178879,61.0,-42.412588745679905,83.60659755441266,372,7.887982286580154,0,0,0
1,True,0,4557.714503922041,9749.85728564112,7.71284776178879,75.99164321774785,-42.110387255765055,83.66635047795684,373,75.99164321774788,0,0,0
3,False,0,4565.463865092524,9826.734728414116,7.890863373492641,91.62898667481123,-33.067698000528026,79.20103713586947,374,7.749361170483098,-1,1,0
3,False,0,4626.463865092524,9826.734728414116,7.890863373492641,61.0,-33.020583806649384,79.32415050168993,375,61.0,-1,1,0
1,True,0,4649.714503922041,9749.85728564112,7.71284776178879,92.0,-41.80340865798021,83.72154968772413,376,23.2506388295169,0,0,0
3,False,0,4701.528909471766,9826.734728414116,7.890863373492641,75.0650443792422,-33.00070076205054,79.44649063616055,377,51.81440554972505,-1,1,0
1,True,0,4710.714503922041,9749.85728564112,7.71284776178879,61.0,-41.49405547607002,83.77231432687674,378,9.185594450274948,0,0,0
1,True,0,4786.706147139789,9749.85728564112,7.71284776178879,75.99164321774785,-41.18474881811946,83.81879824510443,379,75.99164321774788,0,0,0
3,False,0,4793.1578961465775,9826.734728414116,7.890863373492641,91.62898667481123,-33.0082044785139,79.56765121367464,380,6.4517490067883045,-1,1,0
3,False,0,4854.1578961465775,9826.734728414116,7.890863373492641,61.0,-33.04303622928425,79.687235140258,381,61.0,-1,1,0
1,True,0,4878.706147139789,9749.85728564112,7.71284776178879,92.0,-40.877909428100466,83.8611887945423,382,24.548250993211695,0,0,0
3,False,0,4929.2229405258195,9826.734728414116,7.890863373492641,75.0650443792422,-33.104923408685146,79.80485766136766,383,50.51679338603026,-1,1,0
1,True,0,4939.706147139789,9749.85728564112,7.71284776178879,61.0,-40.57593874026816,83.89970536348618,384,10.483206613969742,0,0,0
1,True,0,5015.697790357537,9749.85728564112,7.71284776178879,75.99164321774785,-40.28120008468181,83.93459765938184,385,75.99164321774788,0,0,0
3,False,0,5020.851927200631,9826.734728414116,7.890863373492641,91.62898667481123,-33.19338166562805,79.9201493731179,386,5.154136843093511,-1,1,0
3,False,0,5081.851927200631,9826.734728414116,7.890863373492641,61.0,-33.30771869431626,80.0,387,61.0,-1,1,0
1,True,0,5107.697790357537,9749.85728564112,7.71284776178879,92.0,-39.99600019094282,83.9661437545256,388,25.84586315690649,0,0,0
3,False,0,5156.916971579873,9826.734728414116,7.890863373492641,75.0650443792422,-33.4470396524764,80.0,389,49.219181222335465,-1,1,0
1,True,0,5168.697790357537,9749.85728564112,7.71284776178879,61.0,-39.72257113490802,83.99464790977161,390,11.780818777664535,0,0,0
1,True,0,5244.689433575285,9749.85728564112,7.71284776178879,75.99164321774785,-39.46305286966968,84.0,391,75.99164321774788,0,0,0
3,False,0,5248.545958254684,9826.734728414116,7.890863373492641,91.62898667481123,-33.61025416471253,80.0,392,3.856524679398717,-1,1,0
3,False,0,5309.545958254684,9826.734728414116,7.890863373492641,61.0,-33.796084856172,80.0,393,61.0,-1,1,0
1,True,0,5336.689433575285,9749.85728564112,7.71284776178879,92.0,-39.21947647752117,84.0,394,27.143475320601283,0,0,0
3,False,0,5384.611002633926,9826.734728414116,7.890863373492641,75.0650443792422,-34.00307734973557,80.0,395,47.92156905864067,-1,1,0
1,True,0,5397.689433575285,9749.85728564112,7.71284776178879,61.0,-38.993748273984124,84.0,396,13.07843094135933,0,0,0
1,True,0,5473.681076793033,9749.85728564112,7.71284776178879,75.99164321774785,-38.78763488830484,84.0,397,75.99164321774788,0,0,0
3,False,0,5476.239989308737,9826.734728414116,7.890863373492641,91.62898667481123,-34.22961164849031,80.0,398,2.5589125157039234,-1,1,0
1,True,0,5565.681076793033,9749.85728564112,7.71284776178879,92.0,-38.602749437185096,84.0,399,89.44108748429608,0,0,0
