tag,known,mode_index,toa,rf,pw,pri,pa,doa,pulse_index,dtoa,mapped_label,is_unknown,is_noise
0,True,-1,3.785541792420547,1788.292576955015,3.6455911373241046,,-42.36676188841274,77.61702054749,0,0.0,-1,0,1
2,False,0,36.13074272552133,10039.473407488813,1.2,28.0,-40.549497840584024,76.54103909286198,1,32.345200933100784,-1,1,0
5,True,1,41.832666946067164,10234.047376387089,5.39309457526513,29.0,-40.277908011187364,82.52646575027461,2,5.701924220545834,2,0,0
2,False,0,64.13074272552133,9910.474889034494,3.8,28.0,-40.15513164340093,76.63226825854638,3,22.298075779454166,-1,1,0
3,False,0,65.35869248072802,9878.847213649962,7.37326328207411,61.69010992233203,-39.90145746309063,75.58520071481988,4,1.2279497552066942,-1,1,0
4,True,0,67.29598410696246,1205.0,4.394473954799778,59.1,-49.67440081438863,80.00558600069652,5,1.9372916262344404,1,0,0
0,True,-1,69.38924828932792,7418.79745371754,5.121421083650059,,-35.07741334337461,75.88846472425158,6,2.093264182365459,-1,0,1
5,True,1,70.83266694606716,11179.338456465019,5.836744937544788,29.0,-39.402908011187364,82.60803015625304,7,1.4434186567392402,2,0,0
1,True,0,90.50333525180872,9686.702589402219,8.215958812018723,61.0,-43.688767369572,79.12408806233988,8,19.670668305741557,0,0,0
2,False,0,92.13074272552133,9996.987545379845,1.2,28.0,-39.76076544621783,76.7191002196671,9,1.6274074737126085,-1,1,0
5,True,1,99.83266694606716,12231.747613464207,4.639338087416881,29.0,-38.527908011187364,82.67343382416267,10,7.701924220545834,2,0,0
2,False,0,120.13074272552133,10085.397568210348,3.8,28.0,-39.36639924903473,76.80140655021768,11,20.298075779454166,-1,1,0
4,True,0,126.39598410696247,1322.6368135751663,4.8569618893680175,59.1,-49.998259373340595,80.00905453307107,12,6.265241381441143,1,0,0
5,True,1,128.83266694606718,10234.047376387089,5.058279085000426,29.0,-37.652908011187364,82.72736884757336,13,2.436682839104705,2,0,0
0,True,-1,137.99324538545255,8273.747895066179,4.094372038338673,,-41.59486557627626,75.06697145652458,14,9.160578439385375,-1,0,1
0,True,-1,141.88912288874027,9052.031486124379,1.4249232528373712,,-42.37009737674079,80.81359457677782,15,3.8958775032877213,-1,0,1
3,False,0,143.2459575101126,9878.847213649962,7.37326328207411,77.88726502938455,-39.96103172495225,75.66503823974749,16,1.3568346213723146,-1,1,0
2,False,0,148.13074272552132,10099.221960205787,1.2,28.0,-38.97203305185163,76.87909424338693,17,4.884785215408726,-1,1,0
0,True,-1,150.41953537658566,8961.209907492037,5.269005426619134,,-37.7990075780539,79.33631481130705,18,2.288792651064341,-1,0,1
0,True,-1,151.92755420717853,9191.011200412177,6.9499706338522,,-39.706307175616224,80.12171539766523,19,1.5080188305928743,-1,0,1
5,True,1,157.83266694606718,11179.338456465019,3.8158577757612644,29.0,-37.222091988812636,82.77496805363133,20,5.905112738888647,2,0,0
1,True,0,165.99306656227114,9686.702589402219,8.215958812018723,75.48973131046242,-43.921583550428494,79.14214340176548,21,8.16039961620396,0,0,0
0,True,-1,167.91866159452218,1732.0844361474628,2.69227325369049,,-39.07262774306348,82.43882133870542,22,1.9255950322510387,-1,0,1
2,False,0,176.13074272552132,10154.05019070392,3.8,28.0,-38.577666854668536,76.95210643946338,23,8.212081130999138,-1,1,0
0,True,-1,180.35495322207154,11027.272229829756,6.7650389082648985,,-51.57890789201229,81.34615560758083,24,4.224210496550228,-1,0,1
4,True,0,185.49598410696248,1450.0,4.930475978982329,59.1,-50.379590292299206,80.01256243181183,25,5.141030884890938,1,0,0
5,True,1,186.83266694606718,12231.747613464207,4.1981276754865835,29.0,-38.097091988812636,82.82160775139047,26,1.3366828391046965,2,0,0
0,True,-1,200.15143018985412,5786.585688655289,6.7819058485523795,,-41.73988209763623,77.24749197169707,27,13.318763243786947,-1,0,1
2,False,0,204.13074272552132,9890.335547041626,1.2,28.0,-38.18330065748543,77.02042287083954,28,3.979312535667191,-1,1,0
0,True,-1,214.0215619434178,7923.309908152558,7.823675476196628,,-47.53221582866712,80.24784430303659,29,9.890819217896478,-1,0,1
5,True,1,215.83266694606718,10234.047376387089,5.808948249688562,29.0,-38.972091988812636,82.87270112327057,30,1.8111050026493842,2,0,0
0,True,-1,223.80092642255633,2918.8372641504902,5.411837150393371,,-36.08299356489883,80.95762704971555,31,7.968259476489152,-1,0,1
2,False,0,232.13074272552132,10014.455291920509,3.8,28.0,-37.788934460302336,77.08406002063353,32,8.329816302964986,-1,1,0
3,False,0,235.2459575101126,9878.847213649962,7.37326328207411,92.0,-39.99351872092586,75.74022209057733,33,3.1152147845912737,-1,1,0
4,True,0,244.59598410696248,1205.0,5.322775375209594,59.1,-50.79728928744252,80.01619247321906,34,9.350026596849887,1,0,0
5,True,1,244.83266694606718,11179.338456465019,4.397044875225738,29.0,-39.847091988812636,82.93349019949254,35,0.23668283910470223,2,0,0
1,True,0,257.9930665622711,9686.702589402219,8.215958812018723,92.0,-44.13544755669855,79.15963742816756,36,13.160399616203932,0,0,0
2,False,0,260.1307427255213,9886.876824439167,1.2,28.0,-37.39456826311924,77.14307099368615,37,2.1376761632502053,-1,1,0
0,True,-1,281.90348274839187,6953.220524312521,2.39197088627379,,-39.43029333231352,83.76262957223904,38,21.77274002287055,-1,0,1
2,False,0,288.1307427255213,10050.17787346802,3.8,28.0,-37.000202065936136,77.1975451009437,39,6.2272599771294495,-1,1,0
5,True,1,293.6826669460672,12231.747613464207,4.611902719728318,48.85,-40.722091988812636,83.00884440979686,40,5.551924220545857,2,0,0
3,False,0,296.9360674324446,9878.847213649962,7.37326328207411,61.69010992233203,-39.998664196220496,75.81071500355907,41,3.2534004863774157,-1,1,0
4,True,0,303.69598410696244,1322.6368135751663,4.422208474843568,59.1,-51.22803355419197,80.02002647766102,42,6.759916674517854,1,0,0
2,False,0,316.1307427255213,10158.520711537534,1.2,28.0,-36.60583586875304,77.24760716047857,43,12.434758618558874,-1,1,0
1,True,0,318.9930665622711,9686.702589402219,8.215958812018723,61.0,-44.32868561256559,79.17698437889068,44,2.8623238367497947,0,0,0
0,True,-1,334.4823088081666,8750.70617868624,4.754593087918288,,-37.88685124082497,75.39115515192572,45,15.489242245895468,-1,0,1
5,True,1,342.5326669460672,10234.047376387089,3.7826442956292787,48.85,-41.597091988812636,83.10307345398947,46,8.050358137900616,2,0,0
2,False,0,344.1307427255213,10147.552459079312,3.8,28.0,-36.211469671569944,77.29341652061869,47,1.5980757794541205,-1,1,0
4,True,0,362.79598410696246,1450.0,4.367463574112891,59.1,-51.64786946902307,80.02414466921876,48,18.66524138144115,1,0,0
0,True,-1,370.14390588276257,9440.432168517484,2.6939987746333935,,-34.83229644652615,76.5337116123619,49,7.347921775800103,-1,0,1
3,False,0,374.8233324618291,9878.847213649962,7.37326328207411,77.88726502938455,-39.97642788051546,75.87651642789122,50,4.679426579066558,-1,1,0
2,False,0,376.1307427255213,10169.9188235145,1.2,32.0,-35.81710347438684,77.3351658128308,51,1.3074102636921907,-1,1,0
5,True,1,391.3826669460672,11179.338456465019,5.9930165439179035,48.85,-42.472091988812636,83.21976168259508,52,15.251924220545902,2,0,0
1,True,0,394.4827978727335,9686.702589402219,8.215958812018723,75.48973131046242,-44.4997853682406,79.19459964234596,53,3.1001309266662815,0,0,0
2,False,0,408.1307427255213,9992.890357180115,3.8,32.0,-35.422737277203744,77.37307944411793,54,13.647944852787816,-1,1,0
0,True,-1,413.6802911361015,4745.773636525762,2.900233351235606,,-37.503296866166835,80.02211958207727,55,5.549548410580201,-1,0,1
0,True,-1,415.864840529104,10982.213875975955,3.3623755730638933,,-51.11223627550386,83.87930981141866,56,2.1845493930024986,-1,0,1
4,True,0,421.8959841069625,1205.0,4.984089405121527,59.1,-52.03384227593113,80.02862504782372,57,6.031143577858472,1,0,0
0,True,-1,437.53439816006437,10605.628802578709,2.086972144804406,,-38.47636029075308,75.6202599992903,58,15.638414053101883,-1,0,1
2,False,0,440.1307427255213,10153.536901424422,1.2,32.0,-35.02837108002065,77.40741184073052,59,2.5963445654569455,-1,1,0
5,True,1,440.23266694606724,12231.747613464207,6.002083717961284,48.85,-43.347091988812636,83.36163035227666,60,0.10192422054592498,2,0,0
0,True,-1,457.07557782583865,11872.447691727975,4.8497104965180995,,-48.23143912526453,75.14663324266392,61,16.84291087977141,-1,0,1
0,True,-1,458.0287055781394,4569.273699888983,4.727719186555312,,-35.24025867889732,79.31867880115016,62,0.9531277523007589,-1,0,1
3,False,0,466.8233324618291,9878.847213649962,7.37326328207411,92.0,-39.92698380313027,75.93766253003194,63,8.794626883689716,-1,1,0
2,False,0,472.1307427255213,9872.644925445433,3.8,32.0,-35.365995117162456,77.43844545693592,64,5.307410263692191,-1,1,0
4,True,0,480.9959841069625,1322.6368135751663,4.412137154974952,59.1,-52.36555394666221,80.03354277880271,65,8.865241381441194,1,0,0
0,True,-1,483.9476822409774,6777.975427206056,4.390340703869757,,-45.085597525514146,85.67180318899126,66,2.951698134014862,-1,0,1
1,True,0,486.4827978727335,9686.702589402219,8.215958812018723,92.0,-44.64740773614981,79.21289650703366,67,2.5351156317561276,0,0,0
5,True,1,489.08266694606726,10234.047376387089,4.548251957875433,48.85,-43.777908011187364,83.53043304946804,68,2.599869073333764,2,0,0
2,False,0,504.1307427255213,9904.793837157222,1.2,32.0,-35.76036131434555,77.46648856443083,69,15.048075779454052,-1,1,0
0,True,-1,514.3205027285852,11136.051749628181,4.5567180408883265,,-45.76473240392599,86.35985889517046,70,10.189760003063896,-1,0,1
3,False,0,528.5134423841612,9878.847213649962,7.37326328207411,61.69010992233203,-39.85071893100922,75.99422591064747,71,14.19293965557597,-1,1,0
2,False,0,536.1307427255214,9837.251621489104,3.8,32.0,-36.15472751152865,77.49187283969727,72,7.617300341360192,-1,1,0
5,True,1,537.9326669460673,11179.338456465019,3.7913421867250916,48.85,-42.902908011187364,83.72688830103057,73,1.8019242205459705,2,0,0
0,True,-1,538.2000564164161,4913.580777132365,1.28965328093861,,-33.928411447027706,77.55028726773267,74,0.2673894703488031,-1,0,1
4,True,0,540.0959841069625,1450.0,4.796185609034673,59.1,-52.62654045106067,80.03896960460719,75,1.8959276905463867,1,0,0
0,True,-1,542.076710342387,1960.6890959450898,6.646212287664113,,-43.48843396325172,82.94073487798909,76,1.980726235424413,-1,0,1
0,True,-1,542.65091702132,3511.2226207891663,6.557959137225939,,-51.344224437327554,81.23531329066479,77,0.5742066789330238,-1,0,1
1,True,0,547.4827978727335,9686.702589402219,8.215958812018723,61.0,-44.77039737111052,79.23228292700023,78,4.83188085141353,0,0,0
0,True,-1,548.5861830991549,7948.760072451239,6.189608622997232,,-47.06688884488457,85.80838410754528,79,1.1033852264214374,-1,0,1
2,False,0,568.1307427255214,10022.899536023582,1.2,32.0,-36.54909370871175,77.51495076818442,80,19.544559626366436,-1,1,0
5,True,1,586.7826669460674,12231.747613464207,5.345414804509259,48.85,-42.027908011187364,83.95065196166885,81,18.651924220545993,2,0,0
0,True,-1,588.1100580378014,5340.797709930369,1.3140254824178363,,-44.11797906483422,76.13593354204083,82,1.3273910917340572,-1,0,1
0,True,-1,596.2446590318359,2321.3735054191757,3.9953306453626274,,-34.514920516961496,87.62163156596633,83,8.134600994034486,-1,0,1
4,True,0,599.1959841069626,1205.0,4.278859063451516,59.1,-52.80537233911485,80.04497328333137,84,2.951325075126647,1,0,0
2,False,0,600.1307427255214,9950.087885107141,3.8,32.0,-36.94345990589485,77.53609288563212,85,0.934758618558817,-1,1,0
3,False,0,606.4007074135458,9878.847213649962,7.37326328207411,77.88726502938455,-39.74823014018038,76.04631503641347,86,6.269964688024402,-1,1,0
1,True,0,622.9725291831959,9686.702589402219,8.215958812018723,75.48973131046242,-44.867791712473654,79.25315832904478,87,16.571821769650114,0,0,0
2,False,0,632.1307427255214,9971.062508566756,1.2,32.0,-37.337826103077944,77.55568487812621,88,9.158213542325484,-1,1,0
5,True,1,635.6326669460674,10234.047376387089,5.999168089037833,48.85,-41.152908011187364,84.20033043924147,89,3.501924220546016,2,0,0
0,True,-1,655.7595119005006,5941.522087800286,5.81542842628121,,-34.17228074177674,75.4694634833657,90,20.12684495443318,-1,0,1
4,True,0,658.2959841069626,1322.6368135751663,4.248052252011947,59.1,-52.896401931959105,80.0516170584132,91,2.536472206462008,1,0,0
2,False,0,664.1307427255214,9991.344858607572,3.8,32.0,-37.73219230026104,77.57412456358206,92,5.834758618558794,-1,1,0
0,True,-1,667.9355197730591,3230.2353516301305,6.4718874826489605,,-49.88146383772255,86.81282980764888,93,3.8047770475377547,-1,0,1
0,True,-1,677.4462607430423,11253.414227940704,5.071414563518944,,-42.65900665447608,82.77299998577934,94,9.510740969983203,-1,0,1
2,False,0,696.1307427255214,10058.99505986178,1.2,32.0,-38.126558497444144,77.59181877827996,95,18.684481982479042,-1,1,0
3,False,0,698.4007074135458,9878.847213649962,7.37326328207411,92.0,-39.62031954439145,76.09407339111618,96,2.2699646880244018,-1,1,0
5,True,1,704.3326669460674,11179.338456465019,3.5844528955398682,68.7,-40.277908011187364,84.47353424972539,97,5.93195953252166,2,0,0
0,True,-1,709.0255091180846,2295.5338104823386,6.266792479256346,,-46.767605633484884,84.38032237956644,98,4.692842172017208,-1,0,1
1,True,0,714.9725291831959,9686.702589402219,8.215958812018723,92.0,-44.938828517465915,79.2759104866628,99,5.947020065111246,0,0,0
4,True,0,717.3959841069626,1450.0,4.254222793162547,59.1,-52.90010518609099,80.05895916366885,100,2.4234549237667125,1,0,0
2,False,0,728.1307427255214,9993.634617620148,3.8,32.0,-38.52092469462724,77.60918019281961,101,10.734758618558772,-1,1,0
2,False,0,756.1307427255214,10141.298487283017,1.2,28.0,-38.915290891810336,77.62662408241319,102,28.0,-1,1,0
3,False,0,760.0908173358778,9878.847213649962,7.37326328207411,61.69010992233203,-39.46798821748205,76.13767835269732,103,3.9600746103564006,-1,1,0
0,True,-1,765.2272523350414,2763.1365156366505,7.988797449118272,,-50.581355103274575,85.2397222853653,104,5.136434999163612,-1,0,1
5,True,1,773.0326669460675,12231.747613464207,4.692307542608875,68.7,-39.402908011187364,84.76696984374696,105,7.8054146110260945,2,0,0
1,True,0,775.9725291831959,9686.702589402219,8.215958812018723,61.0,-44.982951826772975,79.30091248519287,106,2.939862237128409,0,0,0
4,True,0,776.4959841069626,1205.0,4.278100041257811,59.1,-52.82299469792226,80.06705236753392,107,0.5234549237667352,1,0,0
0,True,-1,777.7506431862013,7422.313772255069,7.528267575244908,,-35.7099056777832,79.30919749153362,108,1.2546590792386496,-1,0,1
2,False,0,784.1307427255214,10058.030701249318,3.8,28.0,-39.30965708899344,77.6445650767938,109,6.380099539320099,-1,1,0
2,False,0,812.1307427255214,9850.626583144684,1.2,28.0,-39.704023286176536,77.6634139151755,110,28.0,-1,1,0
4,True,0,835.5959841069626,1322.6368135751663,4.957648187671129,59.1,-52.6771103642952,80.07594356007912,111,23.465241381441274,1,0,0
3,False,0,837.9780823652624,9878.847213649962,7.37326328207411,77.88726502938455,-39.292428358623695,76.17733980503115,112,2.3820982582997203,-1,1,0
2,False,0,840.1307427255214,10055.104835963382,3.8,28.0,-40.09838948335963,77.68357423166219,113,2.1526603602590058,-1,1,0
5,True,1,841.7326669460675,10234.047376387089,4.775722593047614,68.7,-38.527908011187364,85.07656617583733,114,1.6019242205461524,2,0,0
1,True,0,851.4622604936583,9686.702589402219,8.215958812018723,75.48973131046242,-44.99981631567493,79.32851980191793,115,9.729593547590753,0,0,0
0,True,-1,855.170753328172,9775.900118944126,7.387397882346817,,-41.846569758579626,86.01176055592902,116,3.708492834513777,-1,0,1
2,False,0,868.1307427255214,9884.806175510432,1.2,28.0,-40.492755680542736,77.70543939626344,117,12.959989397349318,-1,1,0
4,True,0,894.6959841069627,1450.0,5.537530022016397,59.1,-52.479123803271726,80.08567338603174,118,26.565241381441297,1,0,0
2,False,0,896.1307427255214,10034.450301358847,3.8,28.0,-40.88712187772583,77.72938943624081,119,1.4347586185587033,-1,1,0
5,True,1,910.4326669460676,11179.338456465019,4.586155680001072,68.7,-37.652908011187364,85.39763115242664,120,14.301924220546198,2,0,0
0,True,-1,917.5471122991751,2106.976197410315,4.322447541185973,,-34.64218877762515,77.84349691254971,121,7.114445353107499,-1,0,1
2,False,0,924.1307427255214,10017.024549844995,1.2,28.0,-41.281488074908935,77.75578806187919,122,6.5836304263463035,-1,1,0
3,False,0,929.9780823652624,9878.847213649962,7.37326328207411,92.0,-39.09501396174482,76.2132984952986,123,5.847339639740994,-1,1,0
1,True,0,943.4622604936583,9686.702589402219,8.215958812018723,92.0,-44.989289996680384,79.3590675239737,124,13.48417812839591,0,0,0
2,False,0,952.1307427255214,10007.957205682258,3.8,28.0,-41.67585427209203,77.78497981996084,125,8.668482231863095,-1,1,0
4,True,0,953.7959841069627,1205.0,4.480046164810631,59.1,-52.249119695096866,80.0962759266756,126,1.6652413814413194,1,0,0
5,True,1,979.1326669460676,12231.747613464207,4.412675498876337,68.7,-37.222091988812636,85.72503194636867,127,25.336682839104924,2,0,0
2,False,0,980.1307427255214,9920.61174672681,1.2,28.0,-41.92977953072487,77.81728739721954,128,0.9980757794537567,-1,1,0
0,True,-1,990.1880282462193,6570.1777322541775,6.260638562301814,,-34.43340128859209,75.96173098740749,129,10.057285520697974,-1,0,1
3,False,0,991.6681922875944,9878.847213649962,7.37326328207411,61.69010992233203,-38.87729006216533,76.24582414981421,130,1.4801640413750192,-1,1,0
1,True,0,1004.4622604936583,9686.702589402219,8.215958812018723,61.0,-44.951455252507586,79.39286772583738,131,12.794068206063912,0,0,0
2,False,0,1008.1307427255214,9876.352944581278,3.8,28.0,-41.535413333541776,77.85300909487947,132,3.668482231863095,-1,1,0
4,True,0,1012.8959841069627,1322.6368135751663,5.1577002771962155,59.1,-52.00913983002613,80.10777843311878,133,4.765241381441342,1,0,0
0,True,-1,1028.009303681065,10654.329538304159,3.818341908400029,,-46.68043186472156,87.60584925404014,134,15.113319574102206,-1,0,1
2,False,0,1036.1307427255213,10147.530438771806,1.2,28.0,-41.14104713635868,77.89241649404357,135,8.121439044456338,-1,1,0
5,True,1,1047.8326669460675,10234.047376387089,5.907125754916114,68.7,-38.097091988812636,86.05339224860953,136,11.701924220546289,2,0,0
0,True,-1,1061.0748454198613,2030.1765685473697,8.31595187348424,,-35.21194953823429,80.65894744873346,137,13.242178473793729,-1,0,1
2,False,0,1064.1307427255213,9828.056331302412,3.8,28.0,-40.746680939175576,77.9357523302033,138,3.0558973056599825,-1,1,0
3,False,0,1069.555457316979,9878.847213649962,7.37326328207411,77.88726502938455,-38.64096064460039,76.27521336305185,139,5.424714591457814,-1,1,0
4,True,0,1071.9959841069626,1450.0,5.291649321334012,59.1,-51.78159226231419,80.12020111301678,140,2.4405267899835508,1,0,0
0,True,-1,1072.6239153348336,5957.445618715113,7.655562167621085,,-49.68841650811972,86.17624712220531,141,0.6279312278709313,-1,0,1
1,True,0,1079.9519918041208,9686.702589402219,8.215958812018723,75.48973131046242,-44.88660819132793,79.43020702692178,142,7.328076469287225,0,0,0
2,False,0,1096.1307427255213,10119.052728781,1.2,32.0,-40.35231474199248,77.98322859350425,143,16.17875092140048,-1,1,0
5,True,1,1116.5326669460676,11179.338456465019,4.486943179459761,68.7,-38.972091988812636,86.37729887672943,144,20.401924220546334,2,0,0
2,False,0,1128.1307427255213,9859.384759084034,3.8,32.0,-39.95794854480938,78.03502486963579,145,11.598075779453666,-1,1,0
0,True,-1,1128.5091702301963,1641.554302647855,4.131822603530931,,-36.81301661835223,79.0424884237327,146,0.3784275046750736,-1,0,1
4,True,0,1131.0959841069625,1205.0,5.506357432154977,59.1,-51.587637404156304,80.1335569724202,147,2.5868138767662003,1,0,0
2,False,0,1160.1307427255213,9906.379564506846,1.2,32.0,-39.56358234762628,78.09128693432969,148,29.034758618558726,-1,1,0
3,False,0,1161.555457316979,9878.847213649962,7.37326328207411,92.0,-38.387875307169736,76.30178727639102,149,1.424714591457814,-1,1,0
1,True,0,1171.9519918041208,9686.702589402219,8.215958812018723,92.0,-44.79525632931804,79.47134434838985,150,10.396534487141707,0,0,0
5,True,1,1185.2326669460676,12231.747613464207,5.488293965667987,68.7,-39.847091988812636,86.69150980050746,151,13.280675141946858,2,0,0
4,True,0,1190.1959841069624,1322.6368135751663,5.675905586920239,59.1,-51.4456644888144,80.14785171398474,152,4.963317160894803,1,0,0
2,False,0,1192.1307427255213,10102.172199447568,3.8,32.0,-39.16921615044318,78.15212561246716,153,1.934758618558817,-1,1,0
5,True,1,1214.2326669460676,10234.047376387089,3.570376701869977,29.0,-40.722091988812636,86.99115559020314,154,22.10192422054638,2,0,0
3,False,0,1223.2455672393112,9878.847213649962,7.37326328207411,61.69010992233203,-38.12001478578453,76.32588906475004,155,9.012900293243547,-1,1,0
2,False,0,1224.1307427255213,9931.507365749385,1.2,32.0,-38.77484995326008,78.21761591072412,156,0.8851754862100734,-1,1,0
1,True,0,1232.9519918041208,9686.702589402219,8.215958812018723,61.0,-44.67811461865759,79.51650888674553,157,8.821249078599521,0,0,0
5,True,1,1243.2326669460676,11179.338456465019,4.023047281241027,29.0,-41.597091988812636,87.27192654601053,158,10.280675141946858,2,0,0
4,True,0,1249.2959841069624,1450.0,5.496864679089757,59.1,-51.369965476913784,80.16308369234022,159,6.063317160894712,1,0,0
2,False,0,1256.1307427255213,10058.331523177214,3.8,32.0,-38.380483756076984,78.28779643054209,160,6.834758618558908,-1,1,0
5,True,1,1272.2326669460676,12231.747613464207,4.767115207018163,29.0,-42.472091988812636,87.53023831740492,161,16.10192422054638,2,0,0
2,False,0,1288.1307427255213,9930.123113185577,1.2,32.0,-37.98611755889389,78.36266906601968,162,15.89807577945362,-1,1,0
3,False,0,1301.1328322686957,9878.847213649962,7.37326328207411,77.88726502938455,-37.83947545220334,76.34788125077702,163,13.002089543174407,-1,1,0
5,True,1,1301.2326669460676,10234.047376387089,5.92000948286651,29.0,-43.347091988812636,87.76336964772334,164,0.09983467737197316,2,0,0
4,True,0,1308.3959841069623,1205.0,4.835873852393964,59.1,-51.369699619457236,80.17924392696783,165,7.163317160894621,1,0,0
1,True,0,1308.4417231145833,9686.702589402219,8.215958812018723,75.48973131046242,-44.53609985205908,79.56589832006026,166,0.04573900762102312,0,0,0
2,False,0,1320.1307427255213,10038.292619286847,3.8,32.0,-37.591751361710784,78.44219898908862,167,11.689019610937976,-1,1,0
5,True,1,1330.2326669460676,11179.338456465019,5.429508021813539,29.0,-43.777908011187364,87.96956695053196,168,10.10192422054638,2,0,0
2,False,0,1352.1307427255213,10091.610042944858,1.2,32.0,-37.19738516452769,78.52631492209068,169,21.89807577945362,-1,1,0
5,True,1,1359.2326669460676,12231.747613464207,5.556397567018598,29.0,-42.902908011187364,88.0,170,7.10192422054638,2,0,0
4,True,0,1367.4959841069622,1322.6368135751663,4.584415769036117,59.1,-51.44822149687473,80.19631617248483,171,8.26331716089453,1,0,0
2,False,0,1384.1307427255213,10194.799163585783,3.8,32.0,-36.80301896734459,78.61490969562193,172,16.63475861855909,-1,1,0
5,True,1,1388.2326669460676,10234.047376387089,4.130391751192008,29.0,-42.027908011187364,88.0,173,4.10192422054638,2,0,0
3,False,0,1393.1328322686957,9878.847213649962,7.37326328207411,92.0,-37.54845290708071,76.3681428676186,174,4.900165322628027,-1,1,0
1,True,0,1400.4417231145833,9686.702589402219,8.215958812018723,92.0,-44.37032348762189,79.61967726087407,175,7.308890845887618,0,0,0
2,False,0,1416.1307427255213,9966.861794102148,1.2,32.0,-36.408652770161495,78.70784108727872,176,15.689019610937976,-1,1,0
5,True,1,1417.2326669460676,11179.338456465019,3.884220797095923,29.0,-41.152908011187364,88.0,177,1.1019242205463797,2,0,0
4,True,0,1426.595984106962,1450.0,4.2103625559707964,59.1,-51.60281985465366,80.21427704578669,178,9.36331716089444,1,0,0
2,False,0,1448.1307427255213,9942.381310664794,3.8,32.0,-36.01428657297839,78.80493293474072,179,21.53475861855918,-1,1,0
3,False,0,1454.8229421910278,9878.847213649962,7.37326328207411,61.69010992233203,-37.249224796415184,76.38706649247172,180,6.692199465506519,-1,1,0
1,True,0,1461.4417231145833,9686.702589402219,8.215958812018723,61.0,-44.18208295016564,79.67797596787939,181,6.618780923555505,0,0,0
5,True,1,1466.0826669460675,12231.747613464207,3.4403720102193103,48.85,-40.277908011187364,88.0,182,4.640943831484265,2,0,0
2,False,0,1476.1307427255213,9869.545986018136,1.2,28.0,-35.619920375795296,78.90597651447996,183,10.048075779453711,-1,1,0
4,True,0,1485.695984106962,1205.0,4.616777677422638,59.1,-51.82488573971497,80.23309620905172,184,9.565241381440728,1,0,0
5,True,0,1501.1658553667799,8997.336569973324,4.038943735789315,18.7,-48.175494070445865,82.69717984004794,185,15.469871259817864,2,0,0
2,False,0,1504.1307427255213,10154.916883161792,3.8,28.0,-35.2255541786122,79.01073217530546,186,2.9648873587414073,-1,1,0
5,True,0,1529.699901899373,8997.336569973324,4.038943735789315,28.53404653259299,-46.651684546636346,82.89891337705163,187,25.56915917385163,2,0,0
2,False,0,1532.1307427255213,10151.926920489252,1.2,28.0,-35.168812018570904,79.11893121395873,188,2.430840826148369,-1,1,0
3,False,0,1532.7102072204123,9878.847213649962,7.37326328207411,77.88726502938455,-36.94413298588119,76.40505517413474,189,0.579464494890999,-1,1,0
1,True,0,1536.9314544250458,9686.702589402219,8.215958812018723,75.48973131046242,-43.972851477121885,79.74088932647001,190,4.221247204633528,0,0,0
4,True,0,1544.795984106962,1322.6368135751663,5.295340873576698,59.1,-52.10049832713138,80.25273660717546,191,7.86452968191611,1,0,0
5,True,0,1548.3999018993727,8997.336569973324,4.038943735789315,18.7,-45.12787502282682,83.04616148381008,192,3.6039177924108117,2,0,0
2,False,0,1560.1307427255213,10073.923716784288,3.8,28.0,-35.56317821575401,79.23027797808108,193,11.730840826148551,-1,1,0
5,True,0,1576.9339484319657,8997.336569973324,4.038943735789315,28.53404653259299,-43.604065499017295,83.15122748797239,194,16.803205706444487,2,0,0
2,False,0,1588.1307427255213,9924.642317489164,1.2,28.0,-35.957544412937104,79.34445218009411,195,11.196794293555513,-1,1,0
5,True,0,1595.6339484319658,8997.336569973324,4.038943735789315,18.7,-43.91974402479222,83.23016278211632,196,7.5032057064445326,2,0,0
4,True,0,1603.8959841069618,1450.0,5.297654354319903,59.1,-52.41138752441994,80.27315475777725,197,8.262035674996014,1,0,0
2,False,0,1616.1307427255213,9990.957671485543,3.8,28.0,-36.3519106101202,79.46111140388443,198,12.234758618559454,-1,1,0
5,True,0,1624.1679949645588,8997.336569973324,4.038943735789315,28.53404653259299,-45.44355354860175,83.30134058707762,199,8.03725223903757,2,0,0
3,False,0,1624.7102072204123,9878.847213649962,7.37326328207411,92.0,-36.63556523255492,76.42251927860413,200,0.5422122558534284,-1,1,0
1,True,0,1628.9314544250458,9686.702589402219,8.215958812018723,92.0,-43.7442665884537,79.80847610613431,201,4.221247204633528,0,0,0
5,True,0,1642.8679949645589,8997.336569973324,4.038943735789315,18.7,-46.967363072411274,83.38382341064897,202,13.93654053951309,2,0,0
2,False,0,1644.1307427255213,9878.11759610643,1.2,28.0,-36.746276807303296,79.57989378467389,203,1.2627477609623838,-1,1,0
4,True,0,1662.9959841069617,1205.0,4.803598362508433,59.1,-52.73620600397616,80.29430109150877,204,18.865241381440455,1,0,0
5,True,0,1671.4020414971517,8997.336569973324,4.038943735789315,28.53404653259299,-48.4911725962208,83.49566926010839,205,8.406057390189972,2,0,0
2,False,0,1672.1307427255213,10144.360743546698,3.8,28.0,-37.14064300448639,79.70042084110212,206,0.7287012283695731,-1,1,0
3,False,0,1686.4003171427444,9878.847213649962,7.37326328207411,61.69010992233203,-36.32593649747777,76.43987327740412,207,14.269574417223112,-1,1,0
1,True,0,1689.9314544250458,9686.702589402219,8.215958812018723,61.0,-43.49811727084176,79.88075850050429,208,3.5311372823014153,0,0,0
5,True,0,1690.1020414971517,8997.336569973324,4.038943735789315,18.7,-50.014982120030325,83.65232710902617,209,0.17058707210594548,2,0,0
2,False,0,1700.1307427255213,10066.35607191691,1.2,28.0,-37.535009201669496,79.8223004373564,210,10.028701228369528,-1,1,0
5,True,0,1718.6360880297448,8997.336569973324,4.038943735789315,28.53404653259299,-50.46120835616016,83.86526418816653,211,18.50534530422351,2,0,0
4,True,0,1722.0959841069616,1322.6368135751663,5.450178655208967,59.1,-53.052021595951736,80.31612034000138,212,3.459896077216854,1,0,0
2,False,0,1728.1307427255213,10173.55187140351,3.8,28.0,-37.92937539885259,79.94512985216599,213,6.034758618559636,-1,1,0
5,True,0,1737.3360880297446,8997.336569973324,4.038943735789315,18.7,-48.93739883235063,84.1409470717111,214,9.205345304223329,2,0,0
2,False,0,1756.1307427255213,9987.05981434536,1.2,28.0,-38.32374159603569,80.06849893064215,215,18.79465469577667,-1,1,0
3,False,0,1764.2875821721289,9878.847213649962,7.37326328207411,77.88726502938455,-36.01767004531188,76.4575325037851,216,8.156839446607592,-1,1,0
1,True,0,1765.4211857355083,9686.702589402219,8.215958812018723,75.48973131046242,-43.236329976437965,79.95772195366034,217,1.1336035633794381,0,0,0
5,True,0,1765.8701345623376,8997.336569973324,4.038943735789315,28.53404653259299,-47.413589308541106,84.48026709376468,218,0.4489488268293371,2,0,0
4,True,0,1781.1959841069615,1450.0,4.312480269493471,59.1,-53.335925496102625,80.33855196841608,219,15.325849544623907,1,0,0
2,False,0,1784.1307427255213,10158.860427442763,3.8,28.0,-38.71810779321879,80.19199329429628,220,2.9347586185597265,-1,1,0
5,True,0,1784.5701345623377,8997.336569973324,4.038943735789315,18.7,-45.88977978473159,84.8784611494087,221,0.43939183681641225,2,0,0
5,True,0,1813.1041810949307,8997.336569973324,4.038943735789315,28.53404653259299,-44.365970260922055,85.3255349174755,222,28.534046532593038,2,0,0
2,False,0,1816.1307427255213,10129.133632334446,1.2,32.0,-39.11247399040189,80.31519758411336,223,3.0265616305905496,-1,1,0
5,True,0,1831.8041810949308,8997.336569973324,4.038943735789315,18.7,-43.157839262887464,85.80715089984366,224,15.673438369409496,2,0,0
4,True,0,1840.2959841069614,1205.0,5.68346009162845,59.1,-53.56664359066791,80.3615306492107,225,8.491803012030687,1,0,0
2,False,0,1848.1307427255213,9836.284264606391,3.8,32.0,-39.506840187584984,80.43769871129945,226,7.8347586185598175,-1,1,0
3,False,0,1856.2875821721289,9878.847213649962,7.37326328207411,92.0,-35.71317847900854,76.47590990217785,227,8.156839446607592,-1,1,0
1,True,0,1857.4211857355083,9686.702589402219,8.215958812018723,92.0,-42.96095354576535,80.03931527405105,228,1.1336035633794381,0,0,0
5,True,0,1860.3382276275236,8997.336569973324,4.038943735789315,28.53404653259299,-44.68164878669698,86.30590237106507,229,2.917041892015277,2,0,0
5,True,0,1879.0382276275236,8997.336569973324,4.038943735789315,18.7,-46.205458310506515,86.80286004230909,230,18.700000000000045,2,0,0
2,False,0,1880.1307427255213,10053.943210632997,1.2,32.0,-39.90120638476809,80.55908909026158,231,1.092515097997648,-1,1,0
4,True,0,1899.3959841069614,1322.6368135751663,5.537927051336959,59.1,-53.72603794472101,80.38498677341647,232,19.26524138144009,1,0,0
5,True,0,1907.5722741601166,8997.336569973324,4.038943735789315,28.53404653259299,-47.72926783431603,87.2792540117451,233,8.176290053155299,2,0,0
2,False,0,1912.1307427255213,9878.528188249567,3.8,32.0,-40.295572581951184,80.67896982851764,234,4.55846856540461,-1,1,0
3,False,0,1917.977692094461,9878.847213649962,7.37326328207411,61.69010992233203,-35.41484485791901,76.49541279634333,235,5.846949368939704,-1,1,0
1,True,0,1918.4211857355083,9686.702589402219,8.215958812018723,61.0,-42.674143172763095,80.12545103513648,236,0.4434936410473256,0,0,0
5,True,0,1926.2722741601165,8997.336569973324,4.038943735789315,18.7,-49.25307735812556,87.7181415526904,237,7.851088424608179,2,0,0
2,False,0,1944.1307427255213,9871.435689679014,1.2,32.0,-40.68993877913429,80.79695384857091,238,17.85846856540479,-1,1,0
5,True,0,1954.8063206927095,8997.336569973324,4.038943735789315,28.53404653259299,-50.776886881935084,88.0,239,10.675577967188246,2,0,0
4,True,0,1958.4959841069613,1450.0,4.712857506783868,59.1,-53.800393159863795,80.40884699542256,240,3.689663414251754,1,0,0
5,True,0,1973.5063206927096,8997.336569973324,4.038943735789315,18.7,-49.6993035942554,88.0,241,15.010336585748291,2,0,0
2,False,0,1976.1307427255213,10130.100896910257,3.8,32.0,-41.084304976317384,80.91266891731625,242,2.624422032811708,-1,1,0
1,True,0,1993.9109170459708,9686.702589402219,8.215958812018723,75.48973131046242,-42.37814353747182,80.2160062596194,243,17.780174320449532,0,0,0
3,False,0,1995.8649571238454,9878.847213649962,7.37326328207411,77.88726502938455,-35.12500404712397,76.51643970151217,244,1.9540400778746516,-1,1,0
5,True,0,2002.0403672253026,8997.336569973324,4.038943735789315,28.53404653259299,-48.175494070445865,88.0,245,6.175410101457146,2,0,0
2,False,0,2008.1307427255213,9992.321401006759,1.2,32.0,-41.47867117350048,81.0,246,6.09037550021867,-1,1,0
4,True,0,2017.5959841069612,1205.0,4.929671640260077,59.1,-53.781397345203416,80.43303480700499,247,9.46524138143991,1,0,0
2,False,0,2040.1307427255213,10173.094116702425,3.8,32.0,-41.873037370683576,81.0,248,22.53475861856009,-1,1,0
5,True,1,2043.3822964264375,10265.992789510441,4.112195315497256,29.0,-38.71769155591123,82.71991033879925,249,3.251553700916247,2,0,0
2,False,0,2072.1307427255215,10067.794563582163,1.2,32.0,-41.73259643213332,81.0,250,28.74844629908398,-1,1,0
5,True,1,2072.3822964264373,11282.7550378184,3.8541239333048383,29.0,-37.03230844408877,83.04445862875404,251,0.25155370091579243,2,0,0
4,True,0,2076.695984106961,1322.6368135751663,4.515240805420747,59.1,-53.66674880882334,80.45747113610713,252,4.313687680523799,1,0,0
1,True,0,2085.9109170459706,9686.702589402219,8.215958812018723,92.0,-42.07527123836882,80.31082338190933,253,9.214932939009486,0,0,0
3,False,0,2087.864957123845,9878.847213649962,7.37326328207411,92.0,-34.84592444394862,76.53937720546247,254,1.9540400778746516,-1,1,0
5,True,1,2101.3822964264373,12300.0,4.498319731882496,29.0,-38.78230844408877,83.26708791113862,255,13.517339302592063,2,0,0
2,False,0,2104.1307427255215,10028.522077684105,3.8,32.0,-41.338230234950224,81.0,256,2.7484462990842076,-1,1,0
5,True,1,2130.3822964264373,10265.992789510441,4.3352907983170414,29.0,-40.53230844408877,83.41099524646593,257,26.251553700915792,2,0,0
4,True,0,2135.795984106961,1450.0,5.27162759929504,59.1,-53.460345768781934,80.48207496568588,258,5.413687680523708,1,0,0
2,False,0,2136.1307427255215,9874.248624212105,1.2,32.0,-40.94386403776713,81.0,259,0.3347586185604996,-1,1,0
1,True,0,2146.9109170459706,9686.702589402219,8.215958812018723,61.0,-41.76789666184401,80.40971148128696,260,10.780174320449078,0,0,0
3,False,0,2149.555067046177,9878.847213649962,7.37326328207411,61.69010992233203,-34.57979022467788,76.56459694294648,261,2.644150000206537,-1,1,0
5,True,1,2159.3822964264373,11282.7550378184,5.559327271960409,29.0,-42.28230844408877,83.51136239807217,262,9.827229380260178,2,0,0
2,False,0,2168.1307427255215,10016.48434364652,3.8,32.0,-40.54949784058403,81.0,263,8.748446299084208,-1,1,0
5,True,1,2188.3822964264373,12300.0,4.5803033325906135,29.0,-43.96769155591123,83.6099997275723,264,20.251553700915792,2,0,0
4,True,0,2194.895984106961,1205.0,4.674461810829391,59.1,-53.17204556804505,80.50676396777975,265,6.513687680523617,1,0,0
5,True,1,2217.3822964264373,10265.992789510441,4.187137160402922,29.0,-42.21769155591123,83.74898094631611,266,22.486312319476383,2,0,0
1,True,0,2222.4006483564335,9686.702589402219,8.215958812018723,75.48973131046242,-41.458425430712545,80.51244777611768,267,5.018351929996243,0,0,0
3,False,0,2227.442332075562,9878.847213649962,7.37326328207411,77.88726502938455,-34.328684250415684,76.5924526871446,268,5.041683719128287,-1,1,0
5,True,1,2246.3822964264373,11282.7550378184,3.707812166263773,29.0,-40.46769155591123,83.96423777423426,269,18.93996435087547,2,0,0
4,True,0,2253.995984106961,1322.6368135751663,5.30142508424871,59.1,-52.81701001191326,80.53145514783687,270,7.613687680523526,1,0,0
5,True,1,2295.2322964264376,12300.0,6.010191539278115,48.85,-38.71769155591123,84.28008966120075,271,41.23631231947684,2,0,0
4,True,0,2313.0959841069607,1450.0,4.364385551471447,59.1,-52.41468241817579,80.55606549425983,272,17.86368768052307,1,0,0
1,True,0,2314.4006483564335,9686.702589402219,8.215958812018723,92.0,-41.14927957695465,80.61877936741986,273,1.3046642494728076,0,0,0
3,False,0,2319.442332075562,9878.847213649962,7.37326328207411,92.0,-34.09457176587267,76.62327758091074,274,5.041683719128287,-1,1,0
5,True,1,2344.0822964264376,10265.992789510441,4.037621883818751,48.85,-37.03230844408877,84.70554137124596,275,24.639964350875744,2,0,0
4,True,0,2372.1959841069606,1205.0,5.629837216170438,59.1,-51.98746774958675,80.58051262808401,276,28.11368768052307,1,0,0
1,True,0,2375.4006483564335,9686.702589402219,8.215958812018723,61.0,-40.8428785860314,80.72842521814226,277,3.2046642494728985,0,0,0
3,False,0,2381.1324419978937,9878.847213649962,7.37326328207411,61.69010992233203,-33.879285018661854,76.65738152947762,278,5.731793641460172,-1,1,0
5,True,1,2392.9322964264375,11282.7550378184,3.969732719950838,48.85,-38.78230844408877,85.23291208886138,279,11.799854428543767,2,0,0
4,True,0,2431.2959841069605,1322.6368135751663,5.546928868921092,59.1,-51.559207979158955,80.60471544770468,280,38.36368768052307,1,0,0
5,True,1,2441.782296426438,12300.0,4.455078938668539,48.85,-40.53230844408877,85.83900475353407,281,10.486312319477292,2,0,0
1,True,0,2450.8903796668956,9686.702589402219,8.215958812018723,75.48973131046242,-40.5416204611306,80.84107835266009,282,9.108083240457745,0,0,0
3,False,0,2459.0197070272784,9878.847213649962,7.37326328207411,77.88726502938455,-33.6845089194767,76.69504877502831,283,8.129327360382831,-1,1,0
4,True,0,2490.3959841069604,1450.0,5.686360369831593,59.1,-51.153559165274544,80.628594763607,284,31.37627707968204,1,0,0
5,True,1,2490.6322964264377,10265.992789510441,6.120655627518054,48.85,-42.28230844408877,86.48863760192783,285,0.23631231947729248,2,0,0
5,True,1,2539.4822964264376,11282.7550378184,3.9245880078680457,48.85,-43.96769155591123,87.1400002724277,286,48.84999999999991,2,0,0
1,True,0,2542.8903796668956,9686.702589402219,8.215958812018723,92.0,-40.247862955540455,80.9564082592754,287,3.408083240457927,0,0,0
4,True,0,2549.4959841069603,1205.0,4.804165348629013,59.1,-50.79238358202721,80.65207391813132,288,6.605604440064781,1,0,0
3,False,0,2551.0197070272784,9878.847213649962,7.37326328207411,92.0,-33.511767855380526,76.73653567211568,289,1.5237229203180505,-1,1,0
5,True,1,2588.3322964264376,12300.0,5.650162641447085,48.85,-42.21769155591123,87.75101905368389,290,37.31258939915915,2,0,0
1,True,0,2603.8903796668956,9686.702589402219,8.215958812018723,61.0,-39.96390512003335,81.07406347691929,291,15.558083240458018,0,0,0
4,True,0,2608.5959841069603,1322.6368135751663,4.514893994561772,59.1,-50.49426917941536,80.6750793854234,292,4.70560444006469,1,0,0
3,False,0,2612.7098169496103,9878.847213649962,7.37326328207411,61.69010992233203,-33.36241375941089,76.78206868134043,293,4.113832842650027,-1,1,0
5,True,1,2637.1822964264375,10265.992789510441,6.187500443391411,48.85,-40.46769155591123,88.0,294,24.472479476827175,2,0,0
4,True,0,2667.69598410696,1450.0,4.98647328519351,59.1,-50.273279713152974,80.69754134687379,295,30.513687680522708,1,0,0
1,True,0,2679.3801109773585,9686.702589402219,8.215958812018723,75.48973131046242,-39.69196930967641,81.19367434581132,296,11.684126870398359,0,0,0
3,False,0,2690.597081978995,9878.847213649962,7.37326328207411,77.88726502938455,-33.23761552987051,76.8318425969899,297,11.216971001636466,-1,1,0
5,True,1,2705.8822964264377,11282.7550378184,5.936184001327059,68.7,-38.71769155591123,88.0,298,15.28521444744274,2,0,0
4,True,0,2726.79598410696,1205.0,4.588341209634357,59.1,-50.138022711122915,80.71939423754317,299,20.913687680522344,1,0,0
1,True,0,2771.3801109773585,9686.702589402219,8.215958812018723,92.0,-39.434183790889854,81.31485590054838,300,44.58412687039845,0,0,0
3,False,0,2782.597081978995,9878.847213649962,7.37326328207411,92.0,-33.13834988211324,76.88601902250855,301,11.216971001636466,-1,1,0
4,True,0,2785.89598410696,1322.6368135751663,5.045522987220459,59.1,-50.09110016616826,80.74057725929688,302,3.2989021279649933,1,0,0
1,True,0,2832.3801109773585,9686.702589402219,8.215958812018723,61.0,-39.192566084876724,81.43721088298108,303,46.48412687039854,0,0,0
3,False,0,2844.287191901327,9878.847213649962,7.37326328207411,61.69010992233203,-33.06539370442212,76.94472510573202,304,11.907080923968351,-1,1,0
4,True,0,2844.99598410696,1450.0,4.288902739354251,59.1,-50.1289800240279,80.7610348566328,305,0.7087922056330171,1,0,0
4,True,0,2904.09598410696,1205.0,4.491771784061274,59.1,-50.24229705014244,80.78071715147843,306,59.09999999999991,1,0,0
1,True,0,2907.8698422878206,9686.702589402219,8.215958812018723,75.48973131046242,-38.96900717778396,81.5603328512973,307,3.7738581808607705,0,0,0
3,False,0,2922.1744569307116,9878.847213649962,7.37326328207411,77.88726502938455,-33.019317977805215,77.00805254378288,308,14.30461464289101,-1,1,0
4,True,0,2963.1959841069597,1322.6368135751663,5.0224143920080255,59.1,-50.416561575808785,80.7995803335544,309,41.02152717624813,1,0,0
1,True,0,2999.8698422878206,9686.702589402219,8.215958812018723,92.0,-38.76525672117193,81.68380936098048,310,36.67385818086086,0,0,0
3,False,0,3014.1744569307116,9878.847213649962,7.37326328207411,92.0,-33.00048330729509,77.07605686541632,311,14.30461464289101,-1,1,0
4,True,0,3022.2959841069596,1450.0,4.964923988298515,59.1,-50.633226050659005,80.81758700324946,312,8.121527176248037,1,0,0
1,True,0,3060.8698422878206,9686.702589402219,8.215958812018723,61.0,-38.582909338618705,81.8072251927471,313,38.57385818086095,0,0,0
3,False,0,3075.8645668530435,9878.847213649962,7.37326328207411,61.69010992233203,-33.009037099725475,77.14875699643228,314,14.994724565222896,-1,1,0
4,True,0,3081.3959841069595,1205.0,4.752813040026008,59.1,-50.87103426677831,80.83470646432298,315,5.531417253916061,1,0,0
1,True,0,3136.3595735982835,9686.702589402219,8.215958812018723,75.48973131046242,-38.42339214562849,81.93016560220067,316,54.963589491324,0,0,0
4,True,0,3140.4959841069594,1322.6368135751663,4.209630938046559,59.1,-51.10755832595667,80.85091496414469,317,4.136410508675908,1,0,0
3,False,0,3153.751831882428,9878.847213649962,7.37326328207411,77.88726502938455,-33.044912410072946,77.22613511155554,318,13.255847775468737,-1,1,0
4,True,0,3199.5959841069593,1450.0,4.365805032003885,59.1,-51.32081528244198,80.86619587959132,319,45.84415222453117,1,0,0
1,True,0,3228.3595735982835,9686.702589402219,8.215958812018723,92.0,-38.28795358051783,82.05221956576888,320,28.763589491324183,0,0,0
3,False,0,3245.751831882428,9878.847213649962,7.37326328207411,92.0,-33.10782846539248,77.30813677394254,321,17.392258284144646,-1,1,0
4,True,0,3258.6959841069593,1205.0,5.575619657615382,59.1,-51.490849829666395,80.8805398471449,322,12.94415222453108,1,0,0
1,True,0,3289.3595735982835,9686.702589402219,8.215958812018723,61.0,-38.17765363369311,82.17298299752036,323,30.663589491324274,0,0,0
3,False,0,3307.44194180476,9878.847213649962,7.37326328207411,61.69010992233203,-33.19729286224647,77.39467136122357,324,18.08236820647653,-1,1,0
4,True,0,3317.795984106959,1322.6368135751663,4.892986386758097,59.1,-51.601171800464186,80.89394483617518,325,10.354042302199105,1,0,0
1,True,0,3364.8493049087456,9686.702589402219,8.215958812018723,75.48973131046242,-38.09335555178843,82.29206191168498,326,47.05332080178641,0,0,0
4,True,0,3376.895984106959,1450.0,5.357373158598148,59.1,-51.639947447879116,80.90641616483192,327,12.046679198213496,1,0,0
3,False,0,3385.3292068341448,9878.847213649962,7.37326328207411,77.88726502938455,-33.31260542042922,77.4856127747457,328,8.433222727185694,-1,1,0
4,True,0,3435.995984106959,1205.0,4.5103863804449595,59.1,-51.60086075303445,80.91796645842322,329,50.666777272814215,1,0,0
1,True,0,3456.8493049087456,9686.702589402219,8.215958812018723,92.0,-38.03571908159025,82.40907550612664,330,20.853320801786595,0,0,0
3,False,0,3477.3292068341448,9878.847213649962,7.37326328207411,92.0,-33.4528636628264,77.58080042646559,331,20.47990192539919,-1,1,0
4,True,0,3495.095984106959,1322.6368135751663,4.797151123379333,59.1,-51.48358415673067,80.92861555060533,332,17.766777272814124,1,0,0
1,True,0,3517.8493049087456,9686.702589402219,8.215958812018723,61.0,-38.0051953066243,82.5236591426364,333,22.753320801786685,0,0,0
3,False,0,3539.0193167564767,9878.847213649962,7.37326328207411,61.69010992233203,-33.616969878522106,77.68004049576876,334,21.170011847731075,-1,1,0
4,True,0,3554.195984106959,1450.0,5.0411474051787675,59.1,-51.293825510081994,80.93839032815745,335,15.176667350482148,1,0,0
1,True,0,3593.3390362192085,9686.702589402219,8.215958812018723,75.48973131046242,-38.00202311681534,82.63546720072075,336,39.143052112249734,0,0,0
4,True,0,3613.2959841069587,1205.0,5.131865302161659,59.1,-51.04294776653163,80.9473245205562,337,19.956947887750175,1,0,0
3,False,0,3616.9065817858614,9878.847213649962,7.37326328207411,77.88726502938455,-33.803639713875086,77.78310744637871,338,3.61059767890265,-1,1,0
4,True,0,3672.3959841069586,1322.6368135751663,4.827953402464006,59.1,-50.747187909765145,80.95545843599669,339,55.48940232109726,1,0,0
1,True,0,3685.3390362192085,9686.702589402219,8.215958812018723,92.0,-38.026227338849644,82.74417578255067,340,12.943052112249916,0,0,0
3,False,0,3708.9065817858614,9878.847213649962,7.37326328207411,92.0,-34.01141222432738,77.889745791484,341,23.567545566652825,-1,1,0
4,True,0,3731.4959841069585,1450.0,4.271742660699489,59.1,-50.42652972894801,80.96283864592633,342,22.589402321097168,1,0,0
1,True,0,3746.3390362192085,9686.702589402219,8.215958812018723,61.0,-38.077618541872496,82.84948524790119,343,14.843052112250007,0,0,0
3,False,0,3770.5966917081932,9878.847213649962,7.37326328207411,61.69010992233203,-34.23866130827632,77.99967209326901,344,24.25765548898471,-1,1,0
4,True,0,3790.5959841069584,1205.0,4.561129861637617,59.1,-50.103309343915456,80.96951762056004,345,19.999292398765192,1,0,0
1,True,0,3821.8287675296706,9686.702589402219,8.215958812018723,75.48973131046242,-38.15579452004147,82.95112255924253,346,31.232783422712146,0,0,0
3,False,0,3848.483956737578,9878.847213649962,7.37326328207411,77.88726502938455,-34.483608433524324,78.1125771811991,347,26.65518920790737,-1,1,0
4,True,0,3849.6959841069583,1322.6368135751663,4.427962267632362,59.1,-49.80065114606702,80.97555331822974,348,1.2120273693803938,1,0,0
4,True,0,3908.7959841069583,1450.0,4.71231664265162,59.1,-49.54084374074175,80.98100873178171,349,59.09999999999991,1,0,0
1,True,0,3913.8287675296706,9686.702589402219,8.215958812018723,92.0,-38.26014344033249,83.04884341862895,350,5.032783422712328,0,0,0
3,False,0,3940.483956737578,9878.847213649962,7.37326328207411,92.0,-34.744336556704724,78.22812857169927,351,26.65518920790737,-1,1,0
4,True,0,3967.895984106958,1205.0,5.2937458764376295,59.1,-49.34376971824271,80.98595139557229,352,27.412027369380212,1,0,0
1,True,0,3974.8287675296706,9686.702589402219,8.215958812018723,61.0,-38.38984863096278,83.14243417966131,353,6.9327834227124185,0,0,0
3,False,0,4002.17406665991,9878.847213649962,7.37326328207411,61.69010992233203,-35.01880512674538,78.34597307028895,354,27.345299130239255,-1,1,0
4,True,0,4026.995984106958,1322.6368135751663,4.576236742117051,59.1,-49.225499345954695,80.99045285691989,355,24.821917447048236,1,0,0
1,True,0,4050.3184988401335,9686.702589402219,8.215958812018723,75.48973131046242,-38.54389497295487,83.23171351955992,356,23.322514733175467,0,0,0
3,False,0,4080.0613316892945,9878.847213649962,7.37326328207411,77.88726502938455,-35.30486605494749,78.46573953580759,357,29.742832849161005,-1,1,0
4,True,0,4086.095984106958,1450.0,4.735120245495676,59.1,-49.19714682455983,80.99458811615023,358,6.0346524176634375,1,0,0
1,True,0,4142.318498840133,9686.702589402219,8.215958812018723,92.0,-38.72107684481891,83.31653385826111,359,56.22251473317465,0,0,0
4,True,0,4145.195984106958,1205.0,4.704545082664976,59.1,-49.26406938917972,80.99843503961715,360,2.8774852668257154,1,0,0
3,False,0,4172.061331689295,9878.847213649962,7.37326328207411,92.0,-35.60028052669212,78.58704178509757,361,26.865347582336653,-1,1,0
1,True,0,4203.318498840133,9686.702589402219,8.215958812018723,61.0,-38.920007558175506,83.39678251343129,362,31.25716715083763,0,0,0
4,True,0,4204.295984106959,1322.6368135751663,4.518849797492936,59.1,-49.42546554772141,81.0,363,0.9774852668260792,1,0,0
3,False,0,4233.751441611627,9878.847213649962,7.37326328207411,61.69010992233203,-35.90273652320013,78.70948161541098,364,29.45545750466863,-1,1,0
4,True,0,4263.395984106959,1450.0,5.08100787070427,59.1,-49.674400814388626,81.0,365,29.644542495331734,1,0,0
1,True,0,4278.808230150595,9686.702589402219,8.215958812018723,75.48973131046242,-39.13913021047242,83.47238258235906,366,15.412246043635605,0,0,0
3,False,0,4311.638706641012,9878.847213649962,7.37326328207411,77.88726502938455,-36.209866916213855,78.83265192088598,367,32.83047649041691,-1,1,0
1,True,0,4370.808230150595,9686.702589402219,8.215958812018723,92.0,-39.376729869857954,83.54329354382314,368,59.16952350958309,0,0,0
3,False,0,4403.638706641012,9878.847213649962,7.37326328207411,92.0,-36.51926799398518,78.95613987870219,369,32.83047649041691,-1,1,0
1,True,0,4431.808230150595,9686.702589402219,8.215958812018723,61.0,-39.63094699684788,83.60951157522582,370,28.169523509583087,0,0,0
3,False,0,4465.328816563344,9878.847213649962,7.37326328207411,61.69010992233203,-36.82851827357906,79.07953017997895,371,33.52058641274925,-1,1,0
1,True,0,4507.297961461057,9686.702589402219,8.215958812018723,75.48973131046242,-39.8997919977432,83.67106958251013,372,41.969144897712795,0,0,0
3,False,0,4543.216081592728,9878.847213649962,7.37326328207411,77.88726502938455,-37.13519745226064,79.20240828013046,373,35.91812013167146,-1,1,0
1,True,0,4599.297961461057,9686.702589402219,8.215958812018723,92.0,-40.18116079589838,83.72803694262603,374,56.08187986832854,0,0,0
3,False,0,4635.216081592728,9878.847213649962,7.37326328207411,92.0,-37.436905349645755,79.32436364323918,375,35.91812013167146,-1,1,0
1,True,0,4660.297961461057,9686.702589402219,8.215958812018723,61.0,-40.47285129897393,83.78051896056188,376,25.081879868328542,0,0,0
3,False,0,4696.9061915150605,9878.847213649962,7.37326328207411,61.69010992233203,-37.73128069236666,79.44499295505602,377,36.6082300540038,-1,1,0
1,True,0,4735.787692771519,9686.702589402219,8.215958812018723,75.48973131046242,-40.77258063329469,83.82865604518997,378,38.88150125645825,0,0,0
3,False,0,4774.793456544445,9878.847213649962,7.37326328207411,77.88726502938455,-38.01601959423774,79.56390327948117,379,39.005763772926,-1,1,0
1,True,0,4827.787692771519,9686.702589402219,8.215958812018723,92.0,-41.07800301043155,83.87262261037687,380,52.994236227074,0,0,0
3,False,0,4866.793456544445,9878.847213649962,7.37326328207411,92.0,-38.28889358728858,79.68071513382186,381,39.005763772926,-1,1,0
1,True,0,4888.787692771519,9686.702589402219,8.215958812018723,61.0,-41.38672808617644,83.91262570995835,382,21.994236227073998,0,0,0
3,False,0,4928.483566466777,9878.847213649962,7.37326328207411,61.69010992233203,-38.54776706254731,79.79506545875896,383,39.69587369525834,-1,1,0
1,True,0,4964.277424081981,9686.702589402219,8.215958812018723,75.48973131046242,-41.69633966822674,83.9489034172624,384,35.793857615203706,0,0,0
3,False,0,5006.370831496161,9878.847213649962,7.37326328207411,77.88726502938455,-38.790613984076415,79.90661045977832,385,42.09340741418055,-1,1,0
1,True,0,5056.277424081981,9686.702589402219,8.215958812018723,92.0,-42.00441462616601,83.98172296186267,386,49.90659258581945,0,0,0
3,False,0,5098.370831496161,9878.847213649962,7.37326328207411,92.0,-39.015533745450895,80.0,387,42.09340741418055,-1,1,0
1,True,0,5117.277424081981,9686.702589402219,8.215958812018723,61.0,-42.3085418557449,84.0,388,18.906592585819453,0,0,0
3,False,0,5160.060941418494,9878.847213649962,7.37326328207411,61.69010992233203,-39.220766044580515,80.0,389,42.78351733651289,-1,1,0
1,True,0,5192.767155392443,9686.702589402219,8.215958812018723,75.48973131046242,-42.606341149041015,84.0,390,32.70621397394916,0,0,0
3,False,0,5237.948206447878,9878.847213649962,7.37326328207411,77.88726502938455,-39.404704660460354,80.0,391,45.18105105543509,-1,1,0
1,True,0,5284.767155392443,9686.702589402219,8.215958812018723,92.0,-42.895481822813124,84.0,392,46.81894894456491,0,0,0
3,False,0,5329.948206447878,9878.847213649962,7.37326328207411,92.0,-39.56591002402796,80.0,393,45.18105105543509,-1,1,0
1,True,0,5345.767155392443,9686.702589402219,8.215958812018723,61.0,-43.17370095925753,84.0,394,15.818948944564909,0,0,0
3,False,0,5391.63831637021,9878.847213649962,7.37326328207411,61.69010992233203,-39.703120484743096,80.0,395,45.87116097776743,-1,1,0
1,True,0,5421.256886702905,9686.702589402219,8.215958812018723,75.48973131046242,-43.43882111640812,84.0,396,29.618570332694617,0,0,0
3,False,0,5469.525581399595,9878.847213649962,7.37326328207411,77.88726502938455,-39.81526218471386,80.0,397,48.268694696689636,-1,1,0
1,True,0,5513.256886702905,9686.702589402219,8.215958812018723,92.0,-43.688767369572,84.0,398,43.731305303310364,0,0,0
3,False,0,5561.525581399595,9878.847213649962,7.37326328207411,92.0,-39.90145746309063,80.0,399,48.268694696689636,-1,1,0
