tag,known,mode_index,toa,rf,pw,pri,pa,doa,pulse_index,dtoa,mapped_label,is_unknown,is_noise
0,True,-1,1.0608324875976858,3914.8670851452757,3.4516432039106313,,-41.13092164213469,78.45070059293357,0,0.0,-1,0,1
0,True,-1,14.269375093408392,7899.806387097624,2.2019487295640445,,-38.59406754398306,81.06055157098892,1,13.208542605810706,-1,0,1
0,True,-1,30.024719237063852,3472.511487296453,1.688279759376124,,-44.059993188137575,84.11437980332921,2,15.75534414365546,-1,0,1
0,True,-1,46.71270383322333,3044.521789125817,1.2327622994207543,,-35.122107521833826,77.51588767630592,3,16.687984596159477,-1,0,1
2,False,0,50.430657221057395,10136.328080042424,1.4140736232258067,28.0,-39.29999471421203,76.5209256392501,4,3.717953387834065,-1,1,0
5,True,1,67.36160185199964,10200.0,4.692781200059901,29.0,-38.59850293062861,82.07138503046804,5,16.930944630942243,2,0,0
2,False,0,78.4306572210574,10017.834657197043,3.7358699147175187,28.0,-38.9266613808787,76.61067781270971,6,11.069055369057764,-1,1,0
3,False,0,85.16675809925904,9916.868120585672,8.39786151747612,62.002440617659815,-33.138948212056654,75.40395327022478,7,6.73610087820164,-1,1,0
4,True,0,88.81010686837203,1205.0,4.997583154856903,59.1,-49.82445673561335,80.10694937585865,8,3.6433487691129898,1,0,0
5,True,1,96.36160185199964,11257.930491853838,3.345942699805101,29.0,-37.198502930628614,82.14649520181115,9,7.551494983627606,2,0,0
2,False,0,106.4306572210574,10157.922070176803,1.4140736232258067,28.0,-38.553328047545364,76.69661413885132,10,10.069055369057764,-1,1,0
1,True,0,108.00931432565815,9762.623740665045,7.483903379096017,61.0,-38.269590758071,79.57278311071114,11,1.578657104600751,0,0,0
5,True,1,125.36160185199964,12300.0,3.784194781575285,29.0,-38.201497069371385,82.23663149233182,12,17.352287526341485,2,0,0
0,True,-1,128.8936672886392,7607.131376632786,7.915150677839242,,-35.57672203219384,82.43492125640981,13,3.532065436639556,-1,0,1
0,True,-1,131.2706422366652,9859.367773314445,6.151130860356461,,-37.62528335559153,78.889290761133,14,2.376974948026003,-1,0,1
2,False,0,134.4306572210574,9900.85015571527,3.7358699147175187,28.0,-38.17999471421203,76.77859945485889,15,3.1600149843922054,-1,1,0
4,True,0,147.91010686837205,1330.6869982250907,5.1357646370019925,59.1,-49.87146437483056,80.11535364795357,16,13.479449647314652,1,0,0
5,True,1,154.36160185199964,10200.0,6.157191351127312,29.0,-39.60149706937139,82.36233682412032,17,6.451494983627583,2,0,0
3,False,0,161.28242696625404,9916.868120585672,8.39786151747612,76.115668866995,-33.232437822382835,75.4320798771157,18,6.920825114254399,-1,1,0
2,False,0,162.4306572210574,10086.288095148186,1.4140736232258067,28.0,-37.806661380878694,76.85652631141377,19,1.1482302548033658,-1,1,0
0,True,-1,169.50516173427064,8119.530977526012,1.4901224742416552,,-51.33347339827605,75.93879678044532,20,7.074504513213242,-1,0,1
0,True,-1,181.65498507691407,3075.321719332504,8.072935116614488,,-42.81132777626236,75.78511272159119,21,12.14982334264343,-1,0,1
5,True,1,183.36160185199964,11257.930491853838,5.616744615919918,29.0,-41.00149706937139,82.54067237368353,22,1.706616775085564,2,0,0
1,True,0,184.0314656475704,9762.623740665045,7.483903379096017,76.02215132191225,-38.39363577680904,79.65239085622048,23,0.6698637955707625,0,0,0
2,False,0,190.4306572210574,10116.540266706037,3.7358699147175187,28.0,-37.433328047545366,76.93031572637433,24,6.399191573487002,-1,1,0
4,True,0,207.01010686837205,1441.8092797268,5.670722072794602,59.1,-49.98775033050042,80.12304232084291,25,16.579449647314647,1,0,0
0,True,-1,209.7077754925382,2896.279113486563,7.838438401179742,,-44.43517324472655,76.28454778105927,26,2.697668624166141,-1,0,1
5,True,1,212.36160185199964,12300.0,6.016409628881846,29.0,-42.40149706937139,82.7835475051163,27,2.6538263594614477,2,0,0
0,True,-1,214.1496013807559,4654.62321140878,7.4756029772904355,,-49.570289458790846,83.61696434131804,28,1.7879995287562735,-1,0,1
0,True,-1,218.16028630885722,5748.659737060107,1.251987975665468,,-51.02046288781933,80.71795618025061,29,4.010684928101313,-1,0,1
2,False,0,218.4306572210574,10171.076236987072,1.4140736232258067,28.0,-37.05999471421203,76.99991773877896,30,0.2703709122001783,-1,1,0
5,True,1,241.36160185199964,10200.0,4.069659185223528,29.0,-43.80149706937139,83.09655399856634,31,22.930944630942236,2,0,0
2,False,0,246.4306572210574,10074.427329890328,3.7358699147175187,28.0,-36.6866613808787,77.06531175928636,32,5.069055369057764,-1,1,0
0,True,-1,249.07491795934152,7058.143137063721,8.465089427351653,,-52.278835729235716,82.80918576147755,33,2.6442607382841175,-1,0,1
3,False,0,253.23680734992246,9916.868120585672,8.39786151747612,91.95438038366842,-33.34884703364482,75.45764337288435,34,4.161889390580939,-1,1,0
4,True,0,266.11010686837204,1205.0,4.327701016583872,59.1,-50.160981738889774,80.13005498776403,35,12.873299518449585,1,0,0
5,True,1,270.36160185199964,11257.930491853838,5.762192630459084,29.0,-42.79850293062861,83.4784186878332,36,4.251494983627595,2,0,0
2,False,0,274.4306572210574,10028.698590439832,1.4140736232258067,28.0,-36.31332804754536,77.12650671459492,37,4.069055369057764,-1,1,0
1,True,0,276.03146564757037,9762.623740665045,7.483903379096017,92.0,-38.53946970865316,79.72789016738237,38,1.6008084265129696,0,0,0
2,False,0,302.4306572210574,9881.008638366868,3.7358699147175187,28.0,-35.939994714212034,77.18354098482843,39,26.39919157348703,-1,1,0
0,True,-1,303.9054568329855,9898.40271607795,4.3832697013667845,,-51.45584583004386,75.65795306109425,40,1.4747996119281197,-1,0,1
3,False,0,315.23924796758223,9916.868120585672,8.39786151747612,62.002440617659815,-33.48735931886551,75.48093206674199,41,11.333791134596709,-1,1,0
5,True,1,319.21160185199966,12300.0,5.975157499138122,48.85,-41.39850293062861,83.9211280867466,42,3.97235388441743,2,0,0
4,True,0,325.210106868372,1330.6869982250907,5.699447509588118,59.1,-50.37551471109482,80.13643598365037,43,5.998505016372349,1,0,0
2,False,0,330.4306572210574,9969.618787417276,1.4140736232258067,28.0,-35.5666613808787,77.23648213432699,44,5.220550352685393,-1,1,0
1,True,0,337.03146564757037,9762.623740665045,7.483903379096017,61.0,-38.706069633352996,79.79921908954188,45,6.60080842651297,0,0,0
0,True,-1,339.2504106677257,11537.753950105298,2.441040459018539,,-49.44005220602143,83.6741576655178,46,2.2189450201553313,-1,0,1
2,False,0,358.4306572210574,9840.300883194906,3.7358699147175187,28.0,-35.193328047545364,77.28542643773176,47,19.1802465533317,-1,1,0
5,True,1,368.0616018519997,10200.0,3.9820674093727,48.85,-39.99850293062861,84.41071280502607,48,9.630944630942281,2,0,0
4,True,0,384.31010686837203,1441.8092797268,4.975253922091778,59.1,-50.61341067793942,80.14223407415393,49,16.24850501637235,1,0,0
2,False,0,390.4306572210574,10017.137888232211,1.4140736232258067,32.0,-35.18000528578797,77.33049820468752,50,6.12055035268537,-1,1,0
3,False,0,391.35491683457724,9916.868120585672,8.39786151747612,76.115668866995,-33.647003113885006,75.50225022400083,51,0.9242596135198369,-1,1,0
1,True,0,413.0536169694826,9762.623740665045,7.483903379096017,76.02215132191225,-38.89226697213866,79.86634492032658,52,21.69870013490538,0,0,0
5,True,1,416.9116018519997,11257.930491853838,4.457170199425631,48.85,-38.59850293062861,84.92861496953196,53,3.857984882517087,2,0,0
2,False,0,422.4306572210574,9933.305067077325,3.7358699147175187,32.0,-35.553338619121305,77.37184890789983,54,5.519055369057696,-1,1,0
4,True,0,443.41010686837205,1205.0,4.981605147105755,59.1,-50.85559481064117,80.14750211358908,55,20.979449647314652,1,0,0
2,False,0,454.4306572210574,10132.379480305724,1.4140736232258067,32.0,-35.92667195245463,77.40965612066283,56,11.020550352685348,-1,1,0
0,True,-1,459.01788767787156,9512.660322252686,2.2714417946129193,,-47.63735650856532,81.81097227599994,57,4.587230456814154,-1,0,1
5,True,1,465.7616018519997,12300.0,4.515007297525905,48.85,-37.19850293062861,85.45350479818885,58,6.743714174128172,2,0,0
3,False,0,483.30929721824566,9916.868120585672,8.39786151747612,91.95438038366842,-33.82665863218517,75.52191593187153,59,17.547695366245932,-1,1,0
2,False,0,486.4306572210574,9880.608758269722,3.7358699147175187,32.0,-36.300005285787975,77.44412227131016,60,3.121360002811741,-1,1,0
0,True,-1,491.28076748328255,6176.057894052178,1.980760643117002,,-38.885260357805564,87.16609670047143,61,4.850110262225144,-1,0,1
0,True,-1,494.20907582322184,6488.865429672778,4.944586363190297,,-40.54783114274784,76.88977727655501,62,2.928308339939292,-1,0,1
4,True,0,502.5101068683721,1330.6869982250907,4.608459006717653,59.1,-51.083083510047025,80.1522966741976,63,8.30103104515024,1,0,0
1,True,0,505.0536169694826,9762.623740665045,7.483903379096017,92.0,-39.09675568446117,79.92926443903009,64,2.5435101011105417,0,0,0
5,True,1,514.6116018519997,10200.0,5.425250347942473,48.85,-38.20149706937139,85.96336850766816,65,9.557984882517076,2,0,0
2,False,0,518.4306572210573,10100.666309063838,1.4140736232258067,32.0,-36.6733386191213,77.47547322332566,66,3.8190553690576508,-1,1,0
0,True,-1,527.8412061887502,10146.854835484257,6.232159435079184,,-43.64741855263491,87.40454303622585,67,9.410548967692876,-1,0,1
3,False,0,545.3117378359055,9916.868120585672,8.39786151747612,62.002440617659815,-34.02506571938743,75.54025886830992,68,17.470531647155326,-1,1,0
2,False,0,550.4306572210573,10045.69339233264,3.7358699147175187,32.0,-37.04667195245464,77.50395669107333,69,5.1189193851517985,-1,1,0
0,True,-1,561.4275452303591,5517.496208496436,3.3562374232020957,,-50.60858012812467,79.4371536819006,70,10.996888009301756,-1,0,1
4,True,0,561.6101068683721,1441.8092797268,4.26238494392387,59.1,-51.278203633728836,80.15667764933507,71,0.18256163801299863,1,0,0
5,True,1,563.4616018519997,11257.930491853838,3.4670693388912,48.85,-39.60149706937139,86.43766317587969,72,1.8514949836276173,2,0,0
1,True,0,566.0536169694826,9762.623740665045,7.483903379096017,61.0,-39.318101428928536,79.98800392920306,73,2.5920151174829016,0,0,0
2,False,0,582.4306572210573,10007.610937824978,1.4140736232258067,32.0,-37.420005285787965,77.52984050225895,74,16.377040251574726,-1,1,0
0,True,-1,592.0261138266633,10083.909604658642,2.875918290239646,,-33.155846896588756,75.8410304655456,75,9.595456605605932,-1,0,1
5,True,1,612.3116018519997,12300.0,5.618088910338326,48.85,-41.00149706937139,86.85932762631647,76,20.285488025336463,2,0,0
2,False,0,614.4306572210573,10034.754652228186,3.7358699147175187,32.0,-37.7933386191213,77.55341071931129,77,2.1190553690576053,-1,1,0
4,True,0,620.7101068683721,1205.0,4.3281619473637445,59.1,-51.4257266671149,80.16070783336195,78,6.279449647314777,1,0,0
3,False,0,621.4274067029005,9916.868120585672,8.39786151747612,76.115668866995,-34.24083269233036,75.55761798956294,79,0.7172998345283759,-1,1,0
1,True,0,642.0757682913949,9762.623740665045,7.483903379096017,76.02215132191225,-39.55475162418,80.0426189942929,80,20.648361588494367,0,0,0
2,False,0,646.4306572210573,9839.389070109988,1.4140736232258067,32.0,-38.166671952454635,77.57496963285965,81,4.354888929662479,-1,1,0
5,True,1,661.1616018519998,10200.0,4.82239672964592,48.85,-42.40149706937139,87.2164524948837,82,14.730944630942417,2,0,0
2,False,0,678.4306572210573,10025.939715176955,3.7358699147175187,32.0,-38.54000528578797,77.59483364138228,83,17.269055369057583,-1,1,0
4,True,0,679.8101068683721,1330.6869982250907,4.381030497504688,59.1,-51.51384640825745,80.16445248118634,84,1.3794496473148001,1,0,0
2,False,0,710.4306572210573,9918.75977749498,1.4140736232258067,32.0,-38.913338619121305,77.61333103189838,85,30.6205503526852,-1,1,0
3,False,0,713.3817870865689,9916.868120585672,8.39786151747612,91.95438038366842,-34.472446100727126,75.5743391526343,86,2.951129865511575,-1,1,0
5,True,1,729.8616018519998,11257.930491853838,5.140579229716341,68.7,-43.80149706937139,87.50344600143366,87,16.479814765430888,2,0,0
1,True,0,734.0757682913949,9762.623740665045,7.483903379096017,92.0,-39.80504633912882,80.0931941676256,88,4.214166439395058,0,0,0
4,True,0,738.9101068683722,1441.8092797268,5.661990121402176,59.1,-51.53493858866077,80.1679788505476,89,4.834338576977302,1,0,0
2,False,0,742.4306572210573,10107.33230852224,3.7358699147175187,32.0,-39.28667195245464,77.63079967727059,90,3.520550352685177,-1,1,0
2,False,0,770.4306572210573,10116.396563119548,1.4140736232258067,28.0,-39.66000528578797,77.64758466626954,91,28.0,-1,1,0
3,False,0,775.3842277042287,9916.868120585672,8.39786151747612,62.002440617659815,-34.71828134293182,75.5907726893459,92,4.953570483171347,-1,1,0
1,True,0,795.0757682913949,9762.623740665045,7.483903379096017,61.0,-40.06722993618612,80.1398423194652,93,19.691540587166173,0,0,0
4,True,0,798.0101068683722,1205.0,5.2146969504005884,59.1,-51.48605457558941,80.17135573025173,94,2.934338576977325,1,0,0
2,False,0,798.4306572210573,10136.319882291979,3.7358699147175187,28.0,-40.0333386191213,77.66403588302417,95,0.4205503526851544,-1,1,0
5,True,1,798.5616018519999,12300.0,3.5985442775770258,68.7,-42.79850293062861,87.72158131216679,96,0.1309446309425084,2,0,0
2,False,0,826.4306572210573,9876.05054991978,1.4140736232258067,28.0,-40.40667195245464,77.68050555283581,97,27.86905536905749,-1,1,0
3,False,0,851.4998965712236,9916.868120585672,8.39786151747612,76.115668866995,-34.976614061352755,75.60727094901192,98,25.0692393501663,-1,1,0
2,False,0,854.4306572210573,9905.028747036784,3.7358699147175187,28.0,-40.78000528578797,77.69734577157095,99,2.930760649833701,-1,1,0
4,True,0,857.1101068683722,1330.6869982250907,5.296503918599818,59.1,-51.36911803202513,80.17465295766723,100,2.6794496473148683,1,0,0
5,True,1,867.2616018519999,10200.0,4.045474895733717,68.7,-41.39850293062861,87.8788719132534,101,10.151494983627686,2,0,0
1,True,0,871.0979196133071,9762.623740665045,7.483903379096017,76.02215132191225,-40.33946338579721,80.18270386530995,102,3.836317761307214,0,0,0
2,False,0,882.4306572210573,10182.034871877622,1.4140736232258067,28.0,-41.15333861912131,77.71490603596155,103,11.332737607750232,-1,1,0
2,False,0,910.4306572210573,9976.878461636456,3.7358699147175187,28.0,-41.526671952454635,77.73353079213669,104,28.0,-1,1,0
4,True,0,916.2101068683722,1441.8092797268,4.271817385454719,59.1,-51.1908120975362,80.17794092886618,105,5.779449647314891,1,0,0
5,True,1,935.961601852,11257.930491853838,3.4156351427786458,68.7,-39.99850293062861,87.98928719497394,106,19.75149498362771,2,0,0
2,False,0,938.4306572210573,9851.853368191052,1.4140736232258067,28.0,-41.90000528578797,77.75355701958038,107,2.4690553690574006,-1,1,0
3,False,0,943.4542769548921,9916.868120585672,8.39786151747612,91.95438038366842,-35.24563223758202,75.62418582696152,108,5.023619733834721,-1,1,0
1,True,0,963.0979196133071,9762.623740665045,7.483903379096017,92.0,-40.61983716591252,80.22194578097842,109,19.643642658415047,0,0,0
2,False,0,966.4306572210573,10025.401269483633,3.7358699147175187,28.0,-41.726661380878696,77.77531186746269,110,3.332737607750232,-1,1,0
4,True,0,975.3101068683723,1205.0,4.886597991766436,59.1,-50.96216412242293,80.18129010484635,111,8.879449647314914,1,0,0
2,False,0,994.4306572210573,10098.419483937028,1.4140736232258067,28.0,-41.35332804754536,77.79911035992329,112,19.120550352685086,-1,1,0
5,True,1,1004.661601852,12300.0,5.513055379369414,68.7,-38.59850293062861,88.0,113,10.230944630942645,2,0,0
3,False,0,1005.4567175725518,9916.868120585672,8.39786151747612,62.002440617659815,-35.52344890240265,75.64186629624595,114,0.7951157205518484,-1,1,0
2,False,0,1022.4306572210573,9840.644354748192,3.7358699147175187,28.0,-40.979994714212026,77.82525318640347,115,16.973939648505507,-1,1,0
1,True,0,1024.097919613307,9762.623740665045,7.483903379096017,61.0,-40.90638465591283,80.2577604313942,116,1.6672623922497678,0,0,0
4,True,0,1034.4101068683724,1330.6869982250907,5.497644713297589,59.1,-50.69785401513118,80.184770517298,117,10.312187255065282,1,0,0
5,True,0,1036.0199474669973,9377.539034255145,4.035643082340224,18.7,-50.94017872598246,82.23583135148284,118,1.6098405986249418,2,0,0
2,False,0,1050.4306572210573,9936.631182511326,1.4140736232258067,28.0,-40.6066613808787,77.85402459252582,119,14.410709754060008,-1,1,0
5,True,0,1064.5478477020179,9377.539034255145,4.035643082340224,28.527900235020535,-49.779821274017536,82.29924302682014,120,14.117190480960517,2,0,0
2,False,0,1078.4306572210573,10174.337408770614,3.7358699147175187,28.0,-40.23332804754536,77.88569038631535,121,13.882809519039483,-1,1,0
3,False,0,1081.5723864395468,9916.868120585672,8.39786151747612,76.115668866995,-35.80811537152193,75.6606559598433,122,3.141729218489445,-1,1,0
5,True,0,1083.247847702018,9377.539034255145,4.035643082340224,18.7,-48.499821274017535,82.35893224490174,123,1.6754612624711172,2,0,0
4,True,0,1093.5101068683723,1441.8092797268,4.833323220914778,59.1,-50.41528965333724,80.18845127738179,124,10.262259166354397,1,0,0
1,True,0,1100.1200709352192,9762.623740665045,7.483903379096017,76.02215132191225,-41.197095931039875,80.29036422128418,125,6.609964066846942,0,0,0
2,False,0,1110.4306572210573,10107.940726945792,1.4140736232258067,32.0,-39.85999471421203,77.9204960737472,126,10.310586285838099,-1,1,0
5,True,0,1111.7757479370384,9377.539034255145,4.035643082340224,28.527900235020535,-47.21982127401754,82.4262285952922,127,1.3450907159810868,2,0,0
5,True,0,1130.4757479370385,9377.539034255145,4.035643082340224,18.7,-45.93982127401754,82.5119836834561,128,18.700000000000045,2,0,0
2,False,0,1142.4306572210573,10114.329247415038,3.7358699147175187,32.0,-39.4866613808787,77.95866513669861,129,11.954909284018868,-1,1,0
4,True,0,1152.6101068683722,1205.0,4.324863267792835,59.1,-50.1335074694312,80.19240009096366,130,10.179449647314868,1,0,0
5,True,0,1159.003648172059,9377.539034255145,4.035643082340224,28.527900235020535,-44.65982127401754,82.62588928447722,131,6.3935413036867885,2,0,0
3,False,0,1173.5267668232152,9916.868120585672,8.39786151747612,91.95438038366842,-36.097634914191566,75.68089064053055,132,14.52311865115621,-1,1,0
2,False,0,1174.4306572210573,10129.930858026199,1.4140736232258067,32.0,-39.113328047545366,78.00039746538415,133,0.9038903978421331,-1,1,0
5,True,0,1177.7036481720588,9377.539034255145,4.035643082340224,18.7,-43.37982127401754,82.77586837318614,134,3.272990951001475,2,0,0
1,True,0,1192.1200709352192,9762.623740665045,7.483903379096017,92.0,-41.48993186057441,80.3199960772548,135,14.416422763160426,0,0,0
5,True,0,1206.2315484070796,9377.539034255145,4.035643082340224,28.527900235020535,-43.900178725982464,82.96757729451306,136,14.111477471860326,2,0,0
2,False,0,1206.4306572210573,9908.585459091339,3.7358699147175187,32.0,-38.73999471421203,78.04586795626946,137,0.19910881397777302,-1,1,0
4,True,0,1211.7101068683721,1330.6869982250907,4.9440696750947,59.1,-49.871967330031325,80.19668278370695,138,5.279449647314777,1,0,0
5,True,0,1224.9315484070794,9377.539034255145,4.035643082340224,18.7,-45.18017872598246,83.20405035453314,139,13.221441538707268,2,0,0
3,False,0,1235.529207440875,9916.868120585672,8.39786151747612,62.002440617659815,-36.38997675883923,75.70289602532796,140,10.597659033795708,-1,1,0
2,False,0,1238.4306572210573,9955.225416175654,1.4140736232258067,32.0,-38.366661380878696,78.09522528529824,141,2.901449780182247,-1,1,0
1,True,0,1253.1200709352192,9762.623740665045,7.483903379096017,61.0,-41.782838410873055,80.3469157718936,142,14.689413714161901,0,0,0
5,True,0,1253.4594486421,9377.539034255145,4.035643082340224,28.527900235020535,-46.46017872598246,83.48550916385652,143,0.3393777068806685,2,0,0
2,False,0,1270.4306572210573,10013.165195011044,3.7358699147175187,32.0,-37.99332804754536,78.14859086503722,144,16.97120857895743,-1,1,0
4,True,0,1270.810106868372,1441.8092797268,5.465662657860999,59.1,-49.64931749475002,80.20136283935251,145,0.37944964731468644,1,0,0
5,True,0,1272.1594486421,9377.539034255145,4.035643082340224,18.7,-47.74017872598246,83.80934871301857,146,1.3493417737279287,2,0,0
5,True,0,1300.6873488771205,9377.539034255145,4.035643082340224,28.527900235020535,-49.02017872598246,84.17030105480514,147,28.527900235020525,2,0,0
2,False,0,1302.4306572210573,9928.794032034182,1.4140736232258067,32.0,-37.61999471421203,78.20605799305443,148,1.7433083439368602,-1,1,0
3,False,0,1311.6448763078702,9916.868120585672,8.39786151747612,76.115668866995,-36.68309033747205,75.72698538103879,149,9.214219086812818,-1,1,0
5,True,0,1319.3873488771205,9377.539034255145,4.035643082340224,18.7,-50.30017872598246,84.56076630875017,150,7.742472569250367,2,0,0
1,True,0,1329.1422222571314,9762.623740665045,7.483903379096017,76.02215132191225,-42.07376105293855,80.3714021016512,151,9.75487338001085,0,0,0
4,True,0,1329.910106868372,1205.0,4.298922227313797,59.1,-49.48220734271374,80.20650095442593,152,0.7678846112405608,1,0,0
2,False,0,1334.4306572210573,9837.081276383591,3.7358699147175187,32.0,-37.2466613808787,78.26769119750361,153,4.5205503526854045,-1,1,0
5,True,0,1347.915249112141,9377.539034255145,4.035643082340224,28.527900235020535,-50.419821274017536,84.97129018957585,154,13.48459189108371,2,0,0
2,False,0,1366.4306572210573,10093.735801793266,1.4140736232258067,32.0,-36.873328047545364,78.33352578450571,155,18.51540810891629,-1,1,0
5,True,0,1366.615249112141,9377.539034255145,4.035643082340224,18.7,-49.139821274017535,85.39115805470689,156,0.1845918910837554,2,0,0
4,True,0,1389.0101068683718,1330.6869982250907,4.356085329192458,59.1,-49.384222576561264,80.21215461249508,157,22.39485775623075,1,0,0
5,True,0,1395.1431493471614,9377.539034255145,4.035643082340224,28.527900235020535,-47.85982127401754,85.80906814466938,158,6.133042478789548,2,0,0
2,False,0,1398.4306572210573,9835.157949823477,3.7358699147175187,32.0,-36.49999471421203,78.40356759050168,159,3.2875078738959473,-1,1,0
3,False,0,1403.5992566915386,9916.868120585672,8.39786151747612,91.95438038366842,-36.97491966893773,75.75345735690765,160,5.16859947048124,-1,1,0
5,True,0,1413.8431493471614,9377.539034255145,4.035643082340224,18.7,-46.57982127401754,86.21384171420345,161,10.243892655622858,2,0,0
1,True,0,1421.1422222571314,9762.623740665045,7.483903379096017,92.0,-42.36065917346443,80.3937509312845,162,7.2990729099699365,0,0,0
2,False,0,1430.4306572210573,10106.406149319768,1.4140736232258067,32.0,-36.126661380878694,78.47779294131419,163,9.288434963925965,-1,1,0
5,True,0,1442.371049582182,9377.539034255145,4.035643082340224,28.527900235020535,-45.29982127401754,86.59512543394047,164,11.940392361124623,2,0,0
4,True,0,1448.1101068683718,1441.8092797268,5.067989441211787,59.1,-49.36500993981536,80.21837768096408,165,5.739057286189791,1,0,0
5,True,0,1461.071049582182,9377.539034255145,4.035643082340224,18.7,-44.01982127401754,86.94404192816417,166,12.960942713810255,2,0,0
2,False,0,1462.4306572210573,9874.50727245778,3.7358699147175187,32.0,-35.75332804754537,78.55614881820489,167,1.3596076388753318,-1,1,0
3,False,0,1465.6016973091985,9916.868120585672,8.39786151747612,62.002440617659815,-37.26341778015512,75.7825938898106,168,3.171040088141126,-1,1,0
1,True,0,1482.1422222571314,9762.623740665045,7.483903379096017,61.0,-42.64152038827122,80.41427311857795,169,16.54052494793291,0,0,0
5,True,0,1489.5989498172025,9377.539034255145,4.035643082340224,28.527900235020535,-43.26017872598246,87.25374757297567,170,7.456727560071158,2,0,0
2,False,0,1490.4306572210573,9871.902647028382,1.4140736232258067,28.0,-35.37999471421203,78.63855322976268,171,0.8317074038548071,-1,1,0
4,True,0,1507.2101068683717,1205.0,5.452753496038545,59.1,-49.429646596664455,80.2252200332322,172,16.779449647314323,1,0,0
5,True,0,1508.2989498172026,9377.539034255145,4.035643082340224,18.7,-44.540178725982464,87.519862506352,173,1.0888429488309157,2,0,0
2,False,0,1518.4306572210573,10144.499122997218,3.7358699147175187,28.0,-35.0066613808787,78.72489578701474,174,10.131707403854762,-1,1,0
5,True,0,1536.826850052223,9377.539034255145,4.035643082340224,28.527900235020535,-45.82017872598246,87.74074583098513,175,18.396192831165763,2,0,0
3,False,0,1541.7173661761935,9916.868120585672,8.39786151747612,76.115668866995,-37.54656106415964,75.81465822667066,176,4.8905161239704285,-1,1,0
2,False,0,1546.4306572210573,9982.146377699926,1.4140736232258067,28.0,-35.36667195245464,78.81503847772574,177,4.713291044863809,-1,1,0
5,True,0,1555.5268500522232,9377.539034255145,4.035643082340224,18.7,-47.10017872598246,87.91759871789456,178,9.096192831165808,2,0,0
1,True,0,1558.1643735790435,9762.623740665045,7.483903379096017,76.02215132191225,-42.91437465773555,80.43329233389962,179,2.6375235268203596,0,0,0
4,True,0,1566.3101068683716,1330.6869982250907,4.3048216211634935,59.1,-49.57829397005037,80.23272719886792,180,8.145733289328064,1,0,0
2,False,0,1574.4306572210573,9997.959668976966,3.7358699147175187,28.0,-35.74000528578797,78.90881663445448,181,8.120550352685768,-1,1,0
5,True,0,1584.0547502872437,9377.539034255145,4.035643082340224,28.527900235020535,-48.38017872598246,88.0,182,9.624093066186333,2,0,0
2,False,0,1602.4306572210573,10197.097831858684,1.4140736232258067,28.0,-36.1133386191213,79.00604008957775,183,18.375906933813667,-1,1,0
5,True,0,1602.7547502872437,9377.539034255145,4.035643082340224,18.7,-49.66017872598246,88.0,184,0.32409306618637856,2,0,0
4,True,0,1625.4101068683715,1441.8092797268,5.454988609541703,59.1,-49.80615797909087,80.2409400442515,185,22.655356581127762,1,0,0
2,False,0,1630.4306572210573,9820.228078124323,3.7358699147175187,28.0,-36.486671952454635,79.10649450917956,186,5.020550352685859,-1,1,0
5,True,0,1631.2826505222642,9377.539034255145,4.035643082340224,28.527900235020535,-50.94017872598246,88.0,187,0.8519933012069032,2,0,0
3,False,0,1633.671746559862,9916.868120585672,8.39786151747612,91.95438038366842,-37.82236347425217,75.84989307796967,188,2.38909603759771,-1,1,0
1,True,0,1650.1643735790435,9762.623740665045,7.483903379096017,92.0,-43.17730810520266,80.45114278988599,189,16.492627019181555,0,0,0
2,False,0,1658.4306572210573,9998.335123107003,1.4140736232258067,28.0,-36.86000528578797,79.20994289644953,190,8.266283642013832,-1,1,0
4,True,0,1684.5101068683714,1205.0,5.233044210636839,59.1,-50.10375838202756,80.24989448592684,191,26.07944964731405,1,0,0
2,False,0,1686.4306572210573,10037.37877221982,3.7358699147175187,28.0,-37.2333386191213,79.31612725404528,192,1.9205503526859502,-1,1,0
3,False,0,1695.6741871775218,9916.868120585672,8.39786151747612,62.002440617659815,-38.08889045468967,75.88851891530872,193,9.2435299564645,-1,1,0
1,True,0,1711.1643735790435,9762.623740665045,7.483903379096017,61.0,-43.428476441455985,80.46816689718067,194,15.490186401521669,0,0,0
2,False,0,1714.4306572210573,10037.015395087554,1.4140736232258067,28.0,-37.60667195245464,79.42477039375835,195,3.266283642013832,-1,1,0
5,True,1,1725.4358488026044,10200.0,4.921933572859066,29.0,-38.9449328157295,82.58845184103943,196,11.005191581547024,2,0,0
2,False,0,1742.4306572210573,9977.547065007328,3.7358699147175187,28.0,-37.980005285787975,79.53557788079036,197,16.994808418452976,-1,1,0
4,True,0,1743.6101068683713,1330.6869982250907,4.761109033765616,59.1,-50.45749052455396,80.25962123867272,198,1.1794496473139588,1,0,0
5,True,1,1754.4358488026044,11336.473635932944,3.538662929361432,29.0,-37.9449328157295,82.88030306038618,199,10.825741934233065,2,0,0
2,False,0,1770.4306572210573,10036.6187817628,1.4140736232258067,28.0,-38.3533386191213,79.6482400990016,200,15.994808418452976,-1,1,0
3,False,0,1771.789856044517,9916.868120585672,8.39786151747612,76.115668866995,-38.34427251020373,75.93073242495822,201,1.3591988234595647,-1,1,0
5,True,1,1783.4358488026044,12290.90424030811,5.790443184146728,29.0,-37.0550671842705,83.13875738895322,202,11.64599275808746,2,0,0
1,True,0,1787.1865249009556,9762.623740665045,7.483903379096017,76.02215132191225,-43.6661179010809,80.48471286266944,203,3.7506760983512777,0,0,0
2,False,0,1798.4306572210573,9878.643767245683,3.7358699147175187,28.0,-38.72667195245464,79.76243442264575,204,11.244132320101698,-1,1,0
4,True,0,1802.7101068683712,1441.8092797268,5.0383538136968316,59.1,-50.85044443480589,80.2701456000606,205,4.279449647313868,1,0,0
5,True,1,1812.4358488026044,10200.0,5.098890456592541,29.0,-38.0550671842705,83.36160002798839,206,9.725741934233156,2,0,0
2,False,0,1830.4306572210573,10045.849701447654,1.4140736232258067,32.0,-39.10000528578797,79.87782747935766,207,17.994808418452976,-1,1,0
5,True,1,1841.4358488026044,11336.473635932944,4.604069542618982,29.0,-39.0550671842705,83.54840189755419,208,11.005191581547024,2,0,0
4,True,0,1861.8101068683711,1205.0,5.508374554538893,59.1,-51.263430048922054,80.28148727301046,209,20.374258065766753,1,0,0
2,False,0,1862.4306572210573,9826.120282479027,3.7358699147175187,32.0,-39.47333861912131,79.99407748852104,210,0.620550352686223,-1,1,0
3,False,0,1863.7442364281853,9916.868120585672,8.39786151747612,91.95438038366842,-38.586718319166685,75.97670512824509,211,1.3135792071279866,-1,1,0
5,True,1,1870.4358488026044,12290.90424030811,6.018007311717589,29.0,-40.0550671842705,83.70054115238734,212,6.691612374419037,2,0,0
1,True,0,1879.1865249009556,9762.623740665045,7.483903379096017,92.0,-43.8885655999833,80.50113224705942,213,8.750676098351278,0,0,0
2,False,0,1894.4306572210573,10000.756089553179,1.4140736232258067,32.0,-39.84667195245464,80.11083665861386,214,15.244132320101698,-1,1,0
5,True,1,1899.4358488026044,10200.0,5.799899618736125,29.0,-41.0550671842705,83.82113407546589,215,5.005191581547024,2,0,0
4,True,0,1920.910106868371,1330.6869982250907,4.793125684325766,59.1,-51.676144410046206,80.29366022758884,216,21.474258065766662,1,0,0
3,False,0,1925.7466770458452,9916.868120585672,8.39786151747612,62.002440617659815,-38.81452729842573,76.02658217845384,217,4.8365701774741865,-1,1,0
2,False,0,1926.4306572210573,10051.573195993607,3.7358699147175187,32.0,-40.22000528578798,80.22775362671602,218,0.6839801752121275,-1,1,0
5,True,1,1928.4358488026044,11336.473635932944,3.544979334042271,29.0,-42.0550671842705,83.91487881456794,219,2.005191581547024,2,0,0
1,True,0,1940.1865249009556,9762.623740665045,7.483903379096017,61.0,-44.09425922738384,80.51777749893317,220,11.750676098351278,0,0,0
2,False,0,1958.4306572210573,10043.267289560032,1.4140736232258067,32.0,-40.593338619121305,80.34447592306769,221,18.2441323201017,-1,1,0
5,True,1,1977.2858488026045,12290.90424030811,4.762837497345178,48.85,-43.05506718427049,83.9878197975245,222,18.85519158154716,2,0,0
4,True,0,1980.010106868371,1441.8092797268,5.433601023239101,59.1,-52.068407771998714,80.30667260301905,223,2.724258065766435,1,0,0
2,False,0,1990.4306572210573,9991.238525253544,3.7358699147175187,32.0,-40.96667195245463,80.4606524433916,224,10.420550352686405,-1,1,0
3,False,0,2001.8623459128403,9916.868120585672,8.39786151747612,76.115668866995,-39.026101531671884,76.0804813426806,225,11.431688691782938,-1,1,0
1,True,0,2016.2086762228678,9762.623740665045,7.483903379096017,76.02215132191225,-44.281755990276956,80.53499948257515,226,14.346330310027497,0,0,0
2,False,0,2022.4306572210573,10056.731557057212,1.4140736232258067,32.0,-41.34000528578797,80.5759359116371,227,6.221980998189565,-1,1,0
5,True,1,2026.1358488026044,10200.0,4.385045400522994,48.85,-43.9449328157295,84.04704463936861,228,3.7051915815470693,2,0,0
4,True,0,2039.1101068683708,1205.0,5.379165011893744,59.1,-52.4213912164841,80.32052665059012,229,12.974258065766435,1,0,0
2,False,0,2054.4306572210576,10113.970766426479,3.7358699147175187,32.0,-41.7133386191213,80.68998531587225,230,15.320550352686723,-1,1,0
5,True,1,2074.9858488026043,11336.473635932944,3.456833013877758,48.85,-42.94493281572951,84.1003287397223,231,20.55519158154675,2,0,0
2,False,0,2086.4306572210576,9921.386084711065,1.4140736232258067,32.0,-41.91332804754536,80.80246830023744,232,11.444808418453249,-1,1,0
3,False,0,2093.8167262965085,9916.868120585672,8.39786151747612,91.95438038366842,-39.21995697767481,76.13849217578155,233,7.386069075450905,-1,1,0
4,True,0,2098.2101068683705,1330.6869982250907,4.586898061632186,59.1,-52.718758931159854,80.33521871786583,234,4.393380571862053,1,0,0
1,True,0,2108.208676222868,9762.623740665045,7.483903379096017,92.0,-44.449740733587205,80.55314501691075,235,9.99856935449725,0,0,0
2,False,0,2118.4306572210576,9954.413318909354,3.7358699147175187,32.0,-41.53999471421203,80.913063496183,236,10.221980998189792,-1,1,0
5,True,1,2123.8358488026042,12290.90424030811,3.7971895502675435,48.85,-41.9449328157295,84.15574539179232,237,5.40519158154666,2,0,0
2,False,0,2150.4306572210576,10136.71129567347,1.4140736232258067,32.0,-41.16666138087869,81.0,238,26.59480841845334,-1,1,0
3,False,0,2155.8191669141684,9916.868120585672,8.39786151747612,62.002440617659815,-39.39473387976574,76.20067539220993,239,5.388509693110791,-1,1,0
4,True,0,2157.3101068683704,1441.8092797268,5.695329809442237,59.1,-52.947653661302205,80.35073927430379,240,1.4909399542020765,1,0,0
1,True,0,2169.208676222868,9762.623740665045,7.483903379096017,61.0,-44.597035165037134,80.57255444282094,241,11.89856935449734,0,0,0
5,True,1,2172.6858488026046,10200.0,4.81716600926651,48.85,-40.9449328157295,84.22126095373758,242,3.4771725797368163,2,0,0
2,False,0,2182.4306572210576,10002.720613142903,3.7358699147175187,32.0,-40.793328047545366,81.0,243,9.744808418452976,-1,1,0
2,False,0,2210.4306572210576,9984.978019286771,1.4140736232258067,28.0,-40.41999471421203,81.0,244,28.0,-1,1,0
4,True,0,2216.4101068683703,1205.0,5.087943610864377,59.1,-53.09946370301432,80.36707297810547,245,5.9794496473127765,1,0,0
5,True,1,2221.5358488026045,11336.473635932944,5.115154384133886,48.85,-39.9449328157295,84.30433538220652,246,5.125741934234156,2,0,0
3,False,0,2231.934835781163,9916.868120585672,8.39786151747612,76.115668866995,-39.54920630355353,76.26706244014784,247,10.398986978558696,-1,1,0
2,False,0,2238.4306572210576,10165.964218067411,3.7358699147175187,28.0,-40.04666138087869,81.0,248,6.495821439894371,-1,1,0
1,True,0,2245.23082754478,9762.623740665045,7.483903379096017,76.02215132191225,-44.72260612002102,80.59355923589533,249,6.800170323722341,0,0,0
2,False,0,2266.4306572210576,9999.057869042035,1.4140736232258067,28.0,-39.67332804754536,81.0,250,21.19982967627766,-1,1,0
5,True,1,2270.3858488026044,12290.90424030811,5.584049964415314,48.85,-38.9449328157295,84.41154815896057,251,3.955191581546842,2,0,0
4,True,0,2275.5101068683703,1330.6869982250907,5.001992667367496,59.1,-53.170323531684296,80.38419878382778,252,5.124258065765844,1,0,0
2,False,0,2294.4306572210576,9830.82038324691,3.7358699147175187,28.0,-39.29999471421203,81.0,253,18.920550352687314,-1,1,0
5,True,1,2319.235848802605,10200.0,4.388553727985982,48.85,-37.94493281572951,84.54826836818523,254,24.805191581547206,2,0,0
3,False,0,2323.889216164832,9916.868120585672,8.39786151747612,91.95438038366842,-39.68229073597361,76.33765528091973,255,4.653367362227073,-1,1,0
4,True,0,2334.61010686837,1441.8092797268,4.994217598739556,59.1,-53.16131689327994,80.4020900900018,256,10.720890703538316,1,0,0
1,True,0,2337.23082754478,9762.623740665045,7.483903379096017,92.0,-44.82557280851226,80.61647968136919,257,2.6207206764097464,0,0,0
3,False,0,2385.8916567824917,9916.868120585672,8.39786151747612,62.002440617659815,-39.79305368535356,76.41242637523521,258,48.66082923771182,-1,1,0
5,True,1,2387.9358488026046,11336.473635932944,3.902103499347986,68.7,-37.0550671842705,84.71838546818964,259,2.0441920201128596,2,0,0
4,True,0,2393.71010686837,1205.0,5.32993078676064,59.1,-53.07836987663232,80.42071492572298,260,5.77425806576548,1,0,0
1,True,0,2398.23082754478,9762.623740665045,7.483903379096017,61.0,-44.90521299317256,80.64162262755251,261,4.520720676409837,0,0,0
4,True,0,2452.81010686837,1330.6869982250907,4.3387161931594855,59.1,-52.9318409577484,80.44003617490397,262,54.57927932359007,1,0,0
5,True,1,2456.6358488026044,12290.90424030811,5.809844458512693,68.7,-38.05506718427049,84.92411425772589,263,3.825741934234429,2,0,0
3,False,0,2462.0073256494866,9916.868120585672,8.39786151747612,76.115668866995,-39.88071822918658,76.49131887635734,264,5.37147684688216,-1,1,0
1,True,0,2474.252978866692,9762.623740665045,7.483903379096017,76.02215132191225,-44.96096805532791,80.66927933350976,265,12.245653217205472,0,0,0
4,True,0,2511.91010686837,1441.8092797268,5.301525705454575,59.1,-52.735834038897046,80.46001183661743,266,37.65712800167785,1,0,0
5,True,1,2525.3358488026047,10200.0,4.293297342868209,68.7,-39.0550671842705,85.16588381673154,267,13.425741934234793,2,0,0
3,False,0,2553.9617060331548,9916.868120585672,8.39786151747612,91.95438038366842,-39.94466946368454,76.5742470288417,268,28.625857230550082,-1,1,0
1,True,0,2566.252978866692,9762.623740665045,7.483903379096017,92.0,-44.99244691327725,80.69972342608673,269,12.291272833537278,0,0,0
4,True,0,2571.01010686837,1205.0,4.892761655152246,59.1,-52.50727789996341,80.48059531970227,270,4.757128001677756,1,0,0
5,True,1,2594.035848802605,11336.473635932944,3.9372748000140025,68.7,-40.05506718427049,85.4423159904698,271,23.025741934235157,2,0,0
3,False,0,2615.9641466508147,9916.868120585672,8.39786151747612,62.002440617659815,-39.98445881688635,76.66109677004908,272,21.928297848209695,-1,1,0
1,True,0,2627.252978866692,9762.623740665045,7.483903379096017,61.0,-44.9994287654496,80.73320898061473,273,11.288832215877392,0,0,0
4,True,0,2630.1101068683697,1330.6869982250907,5.376376634795345,59.1,-52.264830144459076,80.50173576956723,274,2.8571280016776655,1,0,0
5,True,1,2662.735848802605,12290.90424030811,4.07142457486171,68.7,-41.0550671842705,85.75029449596269,275,32.625741934235066,2,0,0
4,True,0,2689.2101068683696,1441.8092797268,4.807416191709422,59.1,-52.02767473624882,80.52337842489922,276,26.474258065764843,1,0,0
3,False,0,2692.0798155178095,9916.868120585672,8.39786151747612,76.115668866995,-39.99980719506791,76.75172653021315,277,2.869708649439872,-1,1,0
1,True,0,2703.275130188604,9762.623740665045,7.483903379096017,76.02215132191225,-44.981864639168414,80.76996873875484,278,11.195314670794687,0,0,0
5,True,1,2731.4358488026046,10200.0,3.4895347355627564,68.7,-42.0550671842705,86.08512118543206,279,28.160718614000416,2,0,0
4,True,0,2748.3101068683695,1205.0,4.724001820243186,59.1,-51.81428889357614,80.54546500177466,280,16.874258065764934,1,0,0
3,False,0,2784.0341959014777,9916.868120585672,8.39786151747612,91.95438038366842,-39.99060694038407,76.84596822545045,281,35.72408903310816,-1,1,0
1,True,0,2795.275130188604,9762.623740665045,7.483903379096017,92.0,-44.93987773415976,80.81021247598227,282,11.240934287126493,0,0,0
5,True,1,2800.135848802605,11336.473635932944,4.60287646876218,68.7,-43.05506718427049,86.44075163104692,283,4.860718614000689,2,0,0
4,True,0,2807.4101068683694,1330.6869982250907,5.018715434087364,59.1,-51.64125701531553,80.56793410247931,284,7.27425806576457,1,0,0
3,False,0,2846.0366365191376,9916.868120585672,8.39786151747612,62.002440617659815,-39.95692258601106,76.94362843674821,285,38.626529650768134,-1,1,0
1,True,0,2856.275130188604,9762.623740665045,7.483903379096017,61.0,-44.87376255839471,80.85412553016222,286,10.238493669466607,0,0,0
4,True,0,2866.5101068683693,1441.8092797268,5.663165978177665,59.1,-51.52220634076048,80.59072164616911,287,10.234976679765168,1,0,0
5,True,1,2868.835848802605,12290.90424030811,3.9583203007623107,68.7,-43.9449328157295,86.81009821777425,288,2.3257419342357935,2,0,0
5,True,1,2897.835848802605,10200.0,4.589757801059765,29.0,-42.94493281572951,87.18538554599198,289,29.0,2,0,0
3,False,0,2922.1523053861324,9916.868120585672,8.39786151747612,76.115668866995,-39.89899040349263,77.04448976665967,290,24.31645658352727,-1,1,0
4,True,0,2925.6101068683693,1205.0,4.956637725106023,59.1,-51.466931375645345,80.61376131835124,291,3.457801482236846,1,0,0
5,True,1,2926.835848802605,11336.473635932944,4.4443975737949195,29.0,-41.9449328157295,87.5585403224934,292,1.2257419342358844,2,0,0
1,True,0,2932.2972815105163,9762.623740665045,7.483903379096017,76.02215132191225,-44.783982862327576,80.9018675015378,293,5.461432707911172,0,0,0
5,True,1,2955.835848802605,12290.90424030811,4.974995038160801,29.0,-40.94493281572951,87.92159618911955,294,23.53856729208883,2,0,0
4,True,0,2984.710106868369,1330.6869982250907,4.950345740061869,59.1,-51.480762235481336,80.63698503603267,295,28.874258065764025,1,0,0
5,True,1,2984.835848802605,10200.0,3.570043646282224,29.0,-39.9449328157295,88.0,296,0.12574193423597535,2,0,0
5,True,1,3013.835848802605,11336.473635932944,6.052455781925733,29.0,-38.9449328157295,88.0,297,29.0,2,0,0
3,False,0,3014.1066857698006,9916.868120585672,8.39786151747612,91.95438038366842,-39.81721674546494,77.14831236419099,298,0.27083696719546424,-1,1,0
1,True,0,3024.2972815105163,9762.623740665045,7.483903379096017,92.0,-44.67116838601965,80.95357113324911,299,10.190595740715708,0,0,0
4,True,0,3043.810106868369,1441.8092797268,5.342334271769372,59.1,-51.5642167093724,80.66032342527343,300,19.512825357852762,1,0,0
3,False,0,3076.1091263874605,9916.868120585672,8.39786151747612,62.002440617659815,-39.71217519538475,77.25483560718365,301,32.299019519091416,-1,1,0
1,True,0,3085.2972815105163,9762.623740665045,7.483903379096017,61.0,-44.536110441965135,81.00934138023545,302,9.188155123055822,0,0,0
4,True,0,3102.910106868369,1205.0,4.936139535990753,59.1,-51.712957997785225,80.68370630779495,303,17.61282535785267,1,0,0
3,False,0,3152.2247952544553,9916.868120585672,8.39786151747612,76.115668866995,-39.584602544253634,77.36377993039166,304,49.314688386086345,-1,1,0
1,True,0,3161.3194328324284,9762.623740665045,7.483903379096017,76.02215132191225,-44.37975636460258,81.06925467305183,305,9.094637577973117,0,0,0
4,True,0,3162.010106868369,1330.6869982250907,5.540417639346696,59.1,-51.91806084799702,80.70706319323024,306,0.6906740359404466,1,0,0
4,True,0,3221.110106868369,1441.8092797268,4.757675211441503,59.1,-52.16656940957427,80.73032377356327,307,59.09999999999991,1,0,0
3,False,0,3244.1791756381235,9916.868120585672,8.39786151747612,91.95438038366842,-39.43539362255845,77.47484878643081,308,23.069068769754722,-1,1,0
1,True,0,3253.3194328324284,9762.623740665045,7.483903379096017,92.0,-44.203202865444425,81.13335838176347,309,9.140257194304922,0,0,0
4,True,0,3280.2101068683687,1205.0,4.504273094612536,59.1,-52.44231177847012,80.75341841628902,310,26.890674035940265,1,0,0
3,False,0,3306.1816162557834,9916.868120585672,8.39786151747612,62.002440617659815,-39.26559502367843,77.58773072584559,311,25.9715093874147,-1,1,0
1,True,0,3314.3194328324284,9762.623740665045,7.483903379096017,61.0,-44.00768834043376,81.20167048367898,312,8.137816576645037,0,0,0
4,True,0,3339.3101068683686,1330.6869982250907,4.665291392564035,59.1,-52.726920045569514,80.77627865283561,313,24.990674035940174,1,0,0
3,False,0,3382.2972851227782,9916.868120585672,8.39786151747612,76.115668866995,-39.07639776278458,77.70210158170329,314,42.98717825440963,-1,1,0
1,True,0,3390.3415841543406,9762.623740665045,7.483903379096017,76.02215132191225,-43.794584183486535,81.2741794372523,315,8.044299031562332,0,0,0
4,True,0,3398.4101068683685,1441.8092797268,5.133284809764731,59.1,-53.00099172886652,80.79883765882207,316,8.06852271402795,1,0,0
4,True,0,3457.5101068683684,1205.0,5.3469451501308365,59.1,-53.24531956095185,80.82103072278335,317,59.09999999999991,1,0,0
3,False,0,3474.2516655064464,9916.868120585672,8.39786151747612,91.95438038366842,-38.869128922724045,77.81762674339218,318,16.741558638078004,-1,1,0
1,True,0,3482.3415841543406,9762.623740665045,7.483903379096017,92.0,-43.56538516714862,81.3508442630385,319,8.089918647894137,0,0,0
4,True,0,3516.6101068683683,1330.6869982250907,4.531584127125194,59.1,-53.442112284980496,80.84279570007482,320,34.26852271402777,1,0,0
3,False,0,3536.2541061241063,9916.868120585672,8.39786151747612,62.002440617659815,-38.645242345487375,77.93396350367442,321,19.64399925573798,-1,1,0
1,True,0,3543.3415841543406,9762.623740665045,7.483903379096017,61.0,-43.32169895784035,81.43159483113497,322,7.0874780302342515,0,0,0
4,True,0,3575.7101068683683,1441.8092797268,5.126393054657687,59.1,-53.57612965429108,80.86407344877223,323,32.36852271402768,1,0,0
3,False,0,3612.369774991101,9916.868120585672,8.39786151747612,76.115668866995,-38.40630843455161,78.05076346253124,324,36.65966812273291,-1,1,0
1,True,0,3619.3637354762527,9762.623740665045,7.483903379096017,76.02215132191225,-43.06523483923172,81.5163323530925,325,6.993960485151547,0,0,0
4,True,0,3634.810106868368,1205.0,5.119264530923366,59.1,-53.63566019946552,80.88480824450987,326,15.446371392115452,1,0,0
4,True,0,3693.910106868368,1330.6869982250907,4.912960097706787,59.1,-53.61328018467652,80.90494817134693,327,59.09999999999991,1,0,0
3,False,0,3704.3241553747694,9916.868120585672,8.39786151747612,91.95438038366842,-38.15400313962819,78.16767497093863,328,10.414048506401286,-1,1,0
1,True,0,3711.3637354762527,9762.623740665045,7.483903379096017,92.0,-42.79779172284557,81.60493007484509,329,7.039580101483352,0,0,0
4,True,0,3753.010106868368,1441.8092797268,5.385943787548854,59.1,-53.50634590340316,80.92444548592049,330,41.64637139211527,1,0,0
3,False,0,3766.3265959924292,9916.868120585672,8.39786151747612,62.002440617659815,-37.89009620107989,78.28434559743265,331,13.316489124061263,-1,1,0
1,True,0,3772.3637354762527,9762.623740665045,7.483903379096017,61.0,-42.52124552998572,81.69723416579873,332,6.037139483823466,0,0,0
4,True,0,3812.110106868368,1205.0,5.111219246133139,59.1,-53.317188199549584,80.94325695233096,333,39.74637139211518,1,0,0
3,False,0,3842.442264859424,9916.868120585672,8.39786151747612,76.115668866995,-37.61643873646376,78.40042460016289,334,30.332157991056192,-1,1,0
1,True,0,3848.385886798165,9762.623740665045,7.483903379096017,76.02215132191225,-42.23753603349692,81.79306479784256,335,5.943621938740762,0,0,0
4,True,0,3871.210106868368,1330.6869982250907,4.384048991626166,59.1,-53.05299679223266,80.96134414541085,336,22.824220070202955,1,0,0
4,True,0,3930.3101068683677,1441.8092797268,5.4461966432756235,59.1,-52.72540145663595,80.97867372024966,337,59.09999999999991,1,0,0
3,False,0,3934.3966452430923,9916.868120585672,8.39786151747612,91.95438038366842,-37.33495025627146,78.51556538709461,338,4.086538374724569,-1,1,0
1,True,0,3940.385886798165,9762.623740665045,7.483903379096017,92.0,-41.94865325165205,81.89221740671373,339,5.989241555072567,0,0,0
4,True,0,3989.4101068683676,1205.0,5.528520174027766,59.1,-52.349776145845546,80.99521764608457,340,49.02422007020277,1,0,0
3,False,0,3996.399085860752,9916.868120585672,8.39786151747612,62.002440617659815,-37.047605199942346,78.62942794710276,341,6.988978992384546,-1,1,0
1,True,0,4001.385886798165,9762.623740665045,7.483903379096017,61.0,-41.656623489603746,81.99446412686876,342,4.986800937412681,0,0,0
4,True,0,4048.5101068683675,1330.6869982250907,4.225031051886798,59.1,-51.944309533710395,81.0,343,47.12422007020268,1,0,0
3,False,0,4072.514754727747,9916.868120585672,8.39786151747612,76.115668866995,-36.75641908658944,78.74168123490573,344,24.004647859379475,-1,1,0
1,True,0,4077.408038120077,9762.623740665045,7.483903379096017,76.02215132191225,-41.36349512630971,82.09955538979669,345,4.893283392329977,0,0,0
4,True,0,4107.610106868367,1441.8092797268,5.024244279638433,59.1,-51.5289001236016,81.0,346,30.202068748290458,1,0,0
3,False,0,4164.469135111415,9916.868120585672,8.39786151747612,91.95438038366842,-36.46343437758096,78.85200549311018,347,56.85902824304776,-1,1,0
4,True,0,4166.710106868368,1205.0,5.417454020671835,59.1,-51.1239450811182,81.0,348,2.2409717569526038,1,0,0
1,True,0,4169.4080381200765,9762.623740665045,7.483903379096017,92.0,-41.07132424662599,82.20722167456277,349,2.6979312517087237,0,0,0
4,True,0,4225.810106868368,1330.6869982250907,4.308267357841918,59.1,-50.74909861837427,81.0,350,56.40206874829164,1,0,0
3,False,0,4226.471575729075,9916.868120585672,8.39786151747612,62.002440617659815,-36.170706150141385,78.96009449507943,351,0.6614688607069183,-1,1,0
1,True,0,4230.4080381200765,9762.623740665045,7.483903379096017,61.0,-40.78216021934908,82.31717539830423,352,3.9364623910014416,0,0,0
4,True,0,4284.9101068683685,1441.8092797268,5.677324301160549,59.1,-50.42207766448479,81.0,353,54.502068748292004,1,0,0
3,False,0,4302.58724459607,9916.868120585672,8.39786151747612,76.115668866995,-35.880287682461265,79.06565769289325,354,17.677137727701847,-1,1,0
1,True,0,4306.430189441989,9762.623740665045,7.483903379096017,76.02215132191225,-40.498031322366266,82.4291129334174,355,3.8429448459182822,0,0,0
4,True,0,4344.010106868369,1205.0,5.328732280289212,59.1,-50.157589581467775,81.0,356,37.579917426380234,1,0,0
3,False,0,4394.541624979739,9916.868120585672,8.39786151747612,91.95438038366842,-35.59421605142599,79.16842225533274,357,50.53151811137013,-1,1,0
1,True,0,4398.430189441989,9762.623740665045,7.483903379096017,92.0,-40.220930515743554,82.54271673728718,358,3.888564462249633,0,0,0
4,True,0,4403.110106868369,1330.6869982250907,5.423035771429851,59.1,-49.96644901398134,81.0,359,4.679917426380598,1,0,0
3,False,0,4456.544065597399,9916.868120585672,8.39786151747612,62.002440617659815,-35.3144978439851,79.26813498159537,360,53.433958729029655,-1,1,0
1,True,0,4459.430189441989,9762.623740665045,7.483903379096017,61.0,-39.95280146254275,82.65765757962038,361,2.886123844589747,0,0,0
4,True,0,4462.21010686837,1441.8092797268,5.417640682594008,59.1,-49.85493907711802,81.0,362,2.779917426380962,1,0,0
4,True,0,4521.31010686837,1205.0,4.310858771982078,59.1,-49.82445673561335,81.0,363,59.100000000000364,1,0,0
3,False,0,4532.659734464394,9916.868120585672,8.39786151747612,76.115668866995,-35.04309508238652,79.36456407731661,364,11.34962759602422,-1,1,0
1,True,0,4535.452340763901,9762.623740665045,7.483903379096017,76.02215132191225,-39.695524895421585,82.77359685175966,365,2.7926062995065877,0,0,0
3,False,0,4624.614114848063,9916.868120585672,8.39786151747612,91.95438038366842,-34.781911462000274,79.45750078044097,366,89.16177408416206,-1,1,0
1,True,0,4627.452340763901,9762.623740665045,7.483903379096017,92.0,-39.45090542464546,82.89018894177995,367,2.8382259158379384,0,0,0
3,False,0,4686.616555465723,9916.868120585672,8.39786151747612,62.002440617659815,-34.532778998263176,79.54676082553763,368,59.16421470182195,-1,1,0
1,True,0,4688.452340763901,9762.623740665045,7.483903379096017,61.0,-39.22065888004304,83.00708365870778,369,1.8357852981780525,0,0,0
3,False,0,4762.732224332718,9916.868120585672,8.39786151747612,76.115668866995,-34.297445176406924,79.63218573629025,370,74.27988356881724,-1,1,0
1,True,0,4764.474492085813,9762.623740665045,7.483903379096017,76.02215132191225,-39.00640027569277,83.12392868885937,371,1.7422677530948931,0,0,0
3,False,0,4854.686604716387,9916.868120585672,8.39786151747612,91.95438038366842,-34.07756069410472,79.71364393709437,372,90.21211263057376,-1,1,0
1,True,0,4856.474492085813,9762.623740665045,7.483903379096017,92.0,-38.80963248175959,83.240372067068,373,1.7878873694262438,0,0,0
3,False,0,4916.689045334047,9916.868120585672,8.39786151747612,62.002440617659815,-33.87466788301313,79.79103167596571,374,60.21455324823364,-1,1,0
1,True,0,4917.474492085813,9762.623740665045,7.483903379096017,61.0,-38.63173568294047,83.3560646454667,375,0.7854467517663579,0,0,0
3,False,0,4992.804714201042,9916.868120585672,8.39786151747612,76.115668866995,-33.69018989042368,79.8642737522858,376,75.33022211522893,-1,1,0
1,True,0,4993.496643407725,9762.623740665045,7.483903379096017,76.02215132191225,-38.47395769746046,83.47066254250973,377,0.6919292066831986,0,0,0
3,False,0,5084.7590945847105,9916.868120585672,8.39786151747612,91.95438038366842,-33.52542069690713,79.93332404428038,378,91.26245117698545,-1,1,0
1,True,0,5085.496643407725,9762.623740665045,7.483903379096017,92.0,-38.33740522452437,83.58382955505456,379,0.7375488230145493,0,0,0
1,True,0,5146.496643407725,9762.623740665045,7.483903379096017,61.0,-38.223036081617025,83.69523951658533,380,61.0,0,0,0
3,False,0,5146.76153520237,9916.868120585672,8.39786151747612,62.002440617659815,-33.3815160399695,79.9981658325304,381,0.26489179464533663,-1,1,0
1,True,0,5222.518794729637,9762.623740665045,7.483903379096017,76.02215132191225,-38.131652486101814,83.80457858503652,382,75.7572595272668,0,0,0
3,False,0,5222.877204069366,9916.868120585672,8.39786151747612,76.115668866995,-33.25948530738384,80.0,383,0.358409339728496,-1,1,0
1,True,0,5314.518794729637,9762.623740665045,7.483903379096017,92.0,-38.06389542824225,83.91154744416974,384,91.6415906602715,0,0,0
3,False,0,5314.831584453034,9916.868120585672,8.39786151747612,91.95438038366842,-33.160184457060296,80.0,385,0.3127897233971453,-1,1,0
1,True,0,5375.518794729637,9762.623740665045,7.483903379096017,61.0,-38.02024017511583,84.0,386,60.687210276602855,0,0,0
3,False,0,5376.834025070694,9916.868120585672,8.39786151747612,62.002440617659815,-33.084310013116315,80.0,387,1.3152303410570312,-1,1,0
1,True,0,5451.540946051549,9762.623740665045,7.483903379096017,76.02215132191225,-38.00099293695699,84.0,388,74.7069209808551,0,0,0
3,False,0,5452.9496939376895,9916.868120585672,8.39786151747612,76.115668866995,-33.032394180260454,80.0,389,1.4087478861401905,-1,1,0
1,True,0,5543.540946051549,9762.623740665045,7.483903379096017,92.0,-38.006288719312295,84.0,390,90.59125211385981,0,0,0
3,False,0,5544.904074321358,9916.868120585672,8.39786151747612,91.95438038366842,-33.00480111075872,80.0,391,1.3631282698088398,-1,1,0
1,True,0,5604.540946051549,9762.623740665045,7.483903379096017,61.0,-38.03609037607353,84.0,392,59.63687173019116,0,0,0
3,False,0,5606.906514939018,9916.868120585672,8.39786151747612,62.002440617659815,-33.00172435016808,80.0,393,2.3655688874687257,-1,1,0
1,True,0,5680.5630973734615,9762.623740665045,7.483903379096017,76.02215132191225,-38.090188870030985,84.0,394,73.65658243444341,0,0,0
3,False,0,5683.022183806013,9916.868120585672,8.39786151747612,76.115668866995,-33.02318547975342,80.0,395,2.459086432551885,-1,1,0
1,True,0,5772.5630973734615,9762.623740665045,7.483903379096017,92.0,-38.16820473911925,84.0,396,89.54091356744811,0,0,0
3,False,0,5774.976564189682,9916.868120585672,8.39786151747612,91.95438038366842,-33.06903396511051,80.0,397,2.4134668162205344,-1,1,0
1,True,0,5833.5630973734615,9762.623740665045,7.483903379096017,61.0,-38.269590758071,84.0,398,58.586533183779466,0,0,0
3,False,0,5836.979004807342,9916.868120585672,8.39786151747612,62.002440617659815,-33.138948212056654,80.0,399,3.4159074338804203,-1,1,0
