tag,known,mode_index,toa,rf,pw,pri,pa,doa,pulse_index,dtoa,mapped_label,is_unknown,is_noise
2,False,0,49.581318606700385,10049.455312372495,1.2,28.0,-35.95034728232578,79.14193740252638,0,0.0,-1,1,0
0,True,-1,51.41371448262086,6464.593820057337,6.395241236038665,,-53.06803895287863,83.00254334205098,1,1.8323958759204757,-1,0,1
4,True,0,52.59270547387265,10743.52218732989,6.032170709201363,31.153151691210994,-50.33988282411588,82.75135791738595,2,1.178990991251787,2,0,0
0,True,-1,72.45826268719192,6241.323723740444,4.3024232856981754,,-37.26714270253316,86.96624837705679,3,19.86555721331927,-1,0,1
0,True,-1,80.77126344760845,8243.215886896876,1.882037172161811,,-42.789314057279796,83.68630578857675,4,8.313000760416529,-1,0,1
3,True,0,90.33926653230314,1205.0,5.37504352220103,59.1,-51.416850855694655,80.11913836125132,5,9.568003084694695,1,0,0
2,False,0,105.58131860670039,10020.371189676673,1.2,28.0,-35.574508356151284,79.18458112823991,6,15.24205207439725,-1,1,0
4,True,0,119.99270547387265,10743.52218732989,6.032170709201363,18.7,-50.769413025458164,82.8388798572454,7,14.411386867172254,2,0,0
0,True,-1,139.646232709749,9704.930595298809,6.260636786260408,,-45.48288548140395,79.63646494593183,8,19.653527235876354,-1,0,1
2,False,0,161.5813186067004,10183.037318251601,1.2,28.0,-35.19866942997678,79.22610356079508,9,21.935085896951392,-1,1,0
0,True,-1,171.68634074675035,2461.906410205501,7.257624160537476,,-51.84155145781257,87.44539609620044,10,10.105022140049954,-1,0,1
1,True,0,174.36188100419415,9780.753440026745,8.425712150940193,77.00194837448873,-38.14692682106709,79.44004963701967,11,2.6755402574437994,0,0,0
0,True,-1,209.47386198022403,3362.925099639595,4.302329078904133,,-35.892071013248355,80.5060200719954,12,35.11198097602988,-1,0,1
0,True,-1,217.8412198769002,4134.277231954277,3.281244222245725,,-35.326815603148845,79.37699379608846,13,8.367357896676168,-1,0,1
0,True,-1,231.1226722064973,5245.087554267342,6.610605234325915,,-38.68351718306625,83.43825467865474,14,13.281452329597101,-1,0,1
2,False,0,245.5813186067004,9905.720090361874,3.8,28.0,-35.36508895928496,79.28605892021451,15,14.458646400203094,-1,1,0
4,True,0,249.69900885629463,10743.52218732989,6.032170709201363,31.153151691210994,-50.371526571857274,82.99859665638986,16,4.117690249594233,2,0,0
0,True,-1,259.18405647502834,10530.51984075359,3.9852595274389246,,-52.77240461819899,82.12536851956571,17,9.485047618733716,-1,0,1
0,True,-1,262.32899131828424,5865.837153914316,6.93572217354866,,-35.87550593037149,85.10377692037207,18,3.1449348432558963,-1,0,1
1,True,0,265.1278388964312,9780.753440026745,8.425712150940193,90.76595789223703,-38.192209369682374,79.49184986097934,19,2.7988475781469333,0,0,0
3,True,0,267.63926653230317,1205.0,4.253539610593587,59.1,-51.148156584341244,80.13650940986062,20,2.5114276358719962,1,0,0
4,True,0,298.3990088562946,10743.52218732989,6.032170709201363,48.7,-50.15676147118613,83.03533291806343,21,30.759742323991418,2,0,0
2,False,0,301.5813186067004,10025.504467778477,3.8,28.0,-35.740927885459456,79.32434091022141,22,3.182309750405807,-1,1,0
4,True,0,317.0990088562946,10743.52218732989,6.032170709201363,18.7,-49.941996370514985,83.07080116235845,23,15.517690249594182,2,0,0
2,False,0,329.5813186067004,10091.798584599215,1.2,28.0,-35.92884734854671,79.34294401396062,24,12.482309750405818,-1,1,0
2,False,0,385.5813186067004,10079.397577341835,1.2,28.0,-36.304686274721206,79.37902840349825,25,56.0,-1,1,0
3,True,0,385.83926653230316,1445.7564811313932,5.072798079913353,59.1,-50.90602368568755,80.14705282025918,26,0.2579479256027639,1,0,0
4,True,0,396.95216054750557,10743.52218732989,6.032170709201363,48.7,-49.51246616917271,83.13796997653489,27,11.112894015202414,2,0,0
0,True,-1,397.18583398666794,4379.767152652939,1.8307998661892098,,-52.01427482083881,86.1832443979307,28,0.2336734391623736,-1,0,1
1,True,0,403.12978727091985,9780.753440026745,8.425712150940193,77.00194837448873,-38.3003268928461,79.59315372176941,29,5.943953284251904,0,0,0
4,True,0,415.65216054750556,10743.52218732989,6.032170709201363,18.7,-49.29770106850157,83.16969431440772,30,12.52237327658571,2,0,0
0,True,-1,434.96609164512125,8718.866488316944,3.0679533435555353,,-49.55188663826139,82.05872102627055,31,19.313931097615693,-1,0,1
2,False,0,441.5813186067004,10131.1772394258,1.2,28.0,-36.6805252008957,79.41356342088051,32,6.61522696157914,-1,1,0
3,True,0,444.9392665323032,1205.0,4.967151202337127,59.1,-50.77161972618323,80.15202046766005,33,3.3579479256027867,1,0,0
4,True,0,446.80531223871657,10743.52218732989,6.032170709201363,31.153151691210994,-49.08293596783042,83.20019812862623,34,1.866045706413388,2,0,0
0,True,-1,448.4531441813486,5666.257088905844,5.372488389148178,,-48.06452441984771,83.44615673846495,35,1.647831942632024,-1,0,1
2,False,0,469.5813186067004,9873.57590970494,3.8,28.0,-36.86844466398295,79.4302323919056,36,21.1281744253518,-1,1,0
0,True,-1,479.41149698405246,8178.576566169528,4.451816362568355,,-43.76307824898882,79.04296524212285,37,9.83017837735207,-1,0,1
1,True,0,493.89574516315685,9780.753440026745,8.425712150940193,90.76595789223703,-38.36296963838389,79.64259657044207,38,14.484248179104384,0,0,0
0,True,-1,499.24593674684115,9452.86123169587,1.2338683736850133,,-49.10633268963647,83.96906303084296,39,5.350191583684307,-1,0,1
3,True,0,504.0392665323032,1313.926676709818,5.340560673048153,59.1,-50.63123578854555,80.15678942406302,40,4.793329785462049,1,0,0
4,True,0,514.2053122387166,10743.52218732989,6.032170709201363,18.7,-48.65340576648815,83.25761576998889,41,10.1660457064134,2,0,0
4,True,0,545.3584639299276,10743.52218732989,6.032170709201363,31.153151691210994,-48.438640665817005,83.28457070235389,42,31.15315169121095,2,0,0
2,False,0,553.5813186067004,10077.001983525233,1.2,28.0,-37.43220305324469,79.47777809600349,43,8.22285467677284,-1,1,0
1,True,0,554.8957451631569,9780.753440026745,8.425712150940193,61.0,-38.431189909424965,79.69119522188743,44,1.3144265564565103,0,0,0
0,True,-1,557.9120178847003,1476.1999643314164,1.5274633596422849,,-51.233089944389484,80.44537631419685,45,3.0162727215433733,-1,0,1
0,True,-1,567.6046983878595,2621.3172421742797,8.397961214222061,,-50.066713919709706,80.90205826198653,46,9.692680503159181,-1,0,1
0,True,-1,604.9466848829697,12211.600447092684,1.859070661619484,,-44.68763806269358,80.01886975289759,47,37.34198649511029,-1,0,1
2,False,0,609.5813186067004,10024.738377871205,1.2,28.0,-37.80804197941919,79.50738294612597,48,4.634633723730644,-1,1,0
4,True,0,612.7584639299276,10743.52218732989,6.032170709201363,18.7,-48.00911046447472,83.33509110316434,49,3.1771453232272506,2,0,0
3,True,0,622.2392665323033,1205.0,4.377536022294634,59.1,-50.34202242032968,80.16574542544237,50,9.480802602375661,1,0,0
0,True,-1,643.664811029601,1329.5459510401533,2.7948803112637064,,-47.87979134491599,85.91154625614354,51,21.425544497297665,-1,0,1
2,False,0,665.5813186067004,10229.470982626677,1.2,28.0,-38.18388090559369,79.5352893406409,52,21.916507577099424,-1,1,0
0,True,-1,666.1767017075372,7561.343539312069,4.27991872852228,,-46.95222405607771,84.31075799122534,53,0.5953831008367843,-1,0,1
0,True,-1,679.7622551377368,7267.26476489063,4.646226603408577,,-40.39796677781886,85.68221947228496,54,13.585553430199639,-1,0,1
3,True,0,681.3392665323033,1313.926676709818,4.265867222605366,59.1,-50.198123795314864,80.16994041225709,55,1.5770113945665116,1,0,0
0,True,-1,692.1461120491064,9634.229994459294,4.392867776009191,,-40.364958176622764,86.08215272470807,56,10.806845516803037,-1,0,1
4,True,0,692.6116156211386,10743.52218732989,6.032170709201363,48.7,-47.57958026313244,83.38127336096369,57,0.46550357203227577,2,0,0
0,True,-1,693.6602556497311,6839.695099669434,3.75461534786652,,-53.88814306186603,79.26692430150328,58,1.0486400285924447,-1,0,1
4,True,0,711.3116156211387,10743.52218732989,6.032170709201363,18.7,-47.3648151624613,83.40281284534416,59,17.6513599714076,2,0,0
0,True,-1,716.739360921209,1588.665861306767,4.993127812432723,,-47.57434255968269,80.77597486804515,60,5.427745300070342,-1,0,1
2,False,0,721.5813186067004,10270.439855920018,1.2,28.0,-38.559719831768184,79.56148973895306,61,4.841957685491366,-1,1,0
3,True,0,740.4392665323033,1445.7564811313932,4.656965514357099,59.1,-50.058027447346916,80.17395257763033,62,18.857947925602957,1,0,0
4,True,0,742.4647673123496,10743.52218732989,6.032170709201363,31.153151691210994,-47.150050061790154,83.42336169244277,63,2.0255007800462863,2,0,0
0,True,-1,755.4920337406678,7302.759445518853,4.977926265926725,,-45.484699657905246,86.72965041340046,64,13.027266428318171,-1,0,1
0,True,-1,765.8652689376194,5707.568073702115,5.778668281595682,,-49.89792659979673,84.0358775587454,65,10.373235196951555,-1,0,1
2,False,0,785.5813186067004,10247.117262795406,1.2,32.0,-38.93555875794268,79.58598872787023,66,19.71604966908103,-1,1,0
0,True,-1,786.4914323942384,7527.90356284705,4.253381854937092,,-49.35536731483363,87.11402877223514,67,0.9101137875379663,-1,0,1
4,True,0,791.1647673123497,10743.52218732989,6.032170709201363,48.7,-46.93528496111902,83.44295496300519,68,4.673334918111323,2,0,0
0,True,-1,797.5869751146289,2436.2704846683237,6.841166474985088,,-38.3413508406587,84.35194657280442,69,6.4222078022792175,-1,0,1
0,True,-1,799.2603595760103,9984.998187194802,1.2051957111897127,,-50.62533879950772,81.69866358472909,70,1.6733844613813744,-1,0,1
4,True,0,809.8647673123497,10743.52218732989,6.032170709201363,18.7,-46.72051986044788,83.46162941675729,71,10.604407736339454,2,0,0
0,True,-1,814.1761384042935,8956.206590913756,4.550197608767609,,-36.71909430252673,84.56026789215788,72,4.3113710919437835,-1,0,1
4,True,0,841.0179190035607,10743.52218732989,6.032170709201363,31.153151691210994,-46.505754759776735,83.47942344704771,73,26.841780599267167,2,0,0
1,True,0,860.6655998043714,9780.753440026745,8.425712150940193,77.00194837448873,-38.7572762850957,79.8766364803708,74,19.64768080081069,0,0,0
0,True,-1,863.5130425083006,2086.3078373361004,1.4435564368039884,,-36.31616785164431,85.63314273493822,75,2.8474427039292323,-1,0,1
2,False,0,881.5813186067004,10131.369607017692,3.8,32.0,-39.49931714720442,79.61958683938022,76,18.068276098399792,-1,1,0
0,True,-1,886.6983398897112,5161.406845936508,2.115506257085388,,-35.24736830554559,84.21338796540375,77,5.117021283010786,-1,0,1
4,True,0,889.7179190035607,10743.52218732989,6.032170709201363,48.7,-46.29098965910559,83.49637701258587,78,3.019579113849545,2,0,0
0,True,-1,902.9966778303504,4505.446969555538,7.049262172131069,,-50.45962176465814,87.99195054998324,79,13.278758826789726,-1,0,1
2,False,0,913.5813186067004,9859.803123389604,1.2,32.0,-39.68723661029167,79.62996118015072,80,10.584640776349943,-1,1,0
3,True,0,917.7392665323034,1445.7564811313932,5.6134288610741265,59.1,-49.68485704451795,80.1849417101649,81,4.157947925603025,1,0,0
0,True,-1,927.2184406671295,9904.056177251627,8.42487885959369,,-37.25153709451814,83.56332707080134,82,9.479174134826053,-1,0,1
4,True,0,939.5710706947717,10743.52218732989,6.032170709201363,31.153151691210994,-45.86145945776331,83.5279299821194,83,12.352630027642249,2,0,0
1,True,0,951.4315576966084,9780.753440026745,8.425712150940193,90.76595789223703,-38.85137436082909,79.92064461919941,84,11.860487001836646,0,0,0
3,True,0,976.8392665323034,1205.0,5.669862135036794,59.1,-49.58376916256546,80.18827370049313,85,25.407708835695075,1,0,0
2,False,0,977.5813186067004,10283.562934148986,1.2,32.0,-40.06307553646617,79.64950373164105,86,0.7420520743969519,-1,1,0
4,True,0,1006.9710706947718,10743.52218732989,6.032170709201363,18.7,-45.43192925642103,83.55663653716599,87,29.38975208807142,2,0,0
2,False,0,1009.5813186067004,10233.41383026495,3.8,32.0,-40.25099499955342,79.65868492698141,88,2.6102479119285817,-1,1,0
1,True,0,1012.4315576966084,9780.753440026745,8.425712150940193,61.0,-38.950181596292616,79.96367218074643,89,2.850239089907973,0,0,0
0,True,-1,1028.7076335133781,1765.6883752944054,5.607459617447553,,-47.611631401289976,82.3922997928022,90,16.276075816769776,-1,0,1
3,True,0,1035.9392665323035,1313.926676709818,5.358583265513321,59.1,-49.497748308831696,80.19144993666733,91,7.231633018925322,1,0,0
4,True,0,1038.1242223859829,10743.52218732989,6.032170709201363,31.153151691210994,-45.217164155749884,83.57003682897457,92,2.184955853679412,2,0,0
2,False,0,1041.5813186067003,10131.052148423056,1.2,32.0,-40.43891446264067,79.66748255886412,93,3.4570962207174034,-1,1,0
0,True,-1,1044.7523762961669,3588.722465199565,5.991884756646435,,-45.19117148205021,87.34888573702257,94,3.171057689466579,-1,0,1
0,True,-1,1055.9220688744806,7601.4455843719425,3.5372057943147928,,-39.053708350552725,84.87904508038903,95,11.169692578313743,-1,0,1
1,True,0,1089.4335060710969,9780.753440026745,8.425712150940193,77.00194837448873,-39.053522315827394,80.00570232678257,96,33.51143719661627,0,0,0
3,True,0,1095.0392665323034,1445.7564811313932,5.31277725726257,59.1,-49.42854377659576,80.1944767040965,97,5.605760461206501,1,0,0
4,True,0,1105.524222385983,10743.52218732989,6.032170709201363,18.7,-44.78763395440761,83.59517020930835,98,10.484955853679594,2,0,0
0,True,-1,1133.8293245855323,2639.723184097379,8.403410978755106,,-51.705365762775884,84.17134639151283,99,28.30510219954931,-1,0,1
2,False,0,1137.5813186067003,9952.69817912346,3.8,32.0,-41.00267285190241,79.69165962879866,100,3.7519940211680023,-1,1,0
0,True,-1,1150.9574130341234,4992.714201745333,3.779703009811076,,-46.80493308020236,79.88340736695457,101,13.37609442742314,-1,0,1
3,True,0,1154.1392665323033,1205.0,4.86863721826313,59.1,-49.37766308727346,80.1973605539396,102,3.181853498179862,1,0,0
0,True,-1,1179.6072889796812,3546.778438856154,3.921156540633026,,-42.75294078751061,87.9288597277648,103,25.46802244737796,-1,0,1
1,True,0,1180.199463963334,9780.753440026745,8.425712150940193,90.76595789223703,-39.161212783405304,80.04671999244691,104,0.5921749836527397,0,0,0
4,True,0,1185.377374077194,10743.52218732989,6.032170709201363,48.7,-44.35810375306532,83.61841046547573,105,5.17791011385998,2,0,0
2,False,0,1201.5813186067003,9831.485076599083,3.8,32.0,-41.378511778076906,79.70602810278312,106,16.203944529506316,-1,1,0
4,True,0,1204.077374077194,10743.52218732989,6.032170709201363,18.7,-44.143338652394185,83.62944750751932,107,2.4960554704937294,2,0,0
2,False,0,1233.5813186067003,10215.625312248907,1.2,32.0,-41.56643124116416,79.71271982516204,108,29.50394452950627,-1,1,0
1,True,0,1241.199463963334,9780.753440026745,8.425712150940193,61.0,-39.27306152930495,80.08671191303169,109,7.618145356633704,0,0,0
3,True,0,1272.339266532303,1445.7564811313932,5.66904291812927,59.1,-49.335549829452454,80.20272696391517,110,31.139802568969117,1,0,0
2,False,0,1297.5813186067003,9993.233783824226,1.2,32.0,-41.942270167338656,79.7251780576342,111,25.24205207439718,-1,1,0
1,True,0,1318.2014123378226,9780.753440026745,8.425712150940193,77.00194837448873,-39.3888696905378,80.12566664756649,112,20.620093731122324,0,0,0
2,False,0,1329.5813186067003,9893.99080350735,3.8,32.0,-41.869810369574104,79.73097014800865,113,11.379906268877676,-1,1,0
3,True,0,1331.439266532303,1205.0,5.109606570165462,59.1,-49.34592157234995,80.20522384804849,114,1.8579479256027298,1,0,0
4,True,0,1333.783677459616,10743.52218732989,6.032170709201363,31.153151691210994,-43.28427824970962,83.67092688554801,115,2.3444109273129925,2,0,0
2,False,0,1361.5813186067003,10217.391142375576,1.2,32.0,-41.68189090648685,79.7364888072601,116,27.797641147084278,-1,1,0
4,True,0,1382.483677459616,10743.52218732989,6.032170709201363,48.7,-43.06951314903848,83.68089537302197,117,20.902358852915768,2,0,0
3,True,0,1390.539266532303,1313.926676709818,5.441980712362457,59.1,-49.37779848402096,80.20760643712994,118,8.055589072686871,1,0,0
4,True,0,1401.183677459616,10743.52218732989,6.032170709201363,18.7,-43.14525195163266,83.6908107195463,119,10.644410927313174,2,0,0
1,True,0,1408.9673702300597,9780.753440026745,8.425712150940193,90.76595789223703,-39.5084313644194,80.16357459915979,120,7.783692770443622,0,0,0
2,False,0,1425.5813186067003,9974.413041038175,1.2,32.0,-41.306051980312354,79.74676250678708,121,16.613948376640565,-1,1,0
4,True,0,1432.336829150827,10743.52218732989,6.032170709201363,31.153151691210994,-43.3600170523038,83.70072689184266,122,6.755510544126764,2,0,0
1,True,0,1469.9673702300597,9780.753440026745,8.425712150940193,61.0,-39.631533974656726,80.20042803206196,123,37.63054107923267,0,0,0
4,True,0,1481.036829150827,10743.52218732989,6.032170709201363,48.7,-43.57478215297495,83.71069785516448,124,11.069458920767374,2,0,0
4,True,0,1499.7368291508271,10743.52218732989,6.032170709201363,18.7,-43.789547253646084,83.72077747734876,125,18.700000000000045,2,0,0
3,True,0,1508.7392665323027,1205.0,5.51398155391951,59.1,-49.5058072545102,80.21205970560375,126,9.002437381475602,1,0,0
4,True,0,1530.889980842038,10743.52218732989,6.032170709201363,31.153151691210994,-44.00431235431722,83.73101943304104,127,22.15071430973535,2,0,0
1,True,0,1546.9693186045483,9780.753440026745,8.425712150940193,77.00194837448873,-39.757958649301166,80.23622108541917,128,16.07933776251025,0,0,0
2,False,0,1549.5813186067003,9932.79722515387,1.2,28.0,-40.554374127963364,79.76467650944853,129,2.6120000021519445,-1,1,0
3,True,0,1567.8392665323026,1313.926676709818,4.449964353253316,59.1,-49.601007979344224,80.21414633252927,130,18.257947925602366,1,0,0
4,True,0,1598.2899808420382,10743.52218732989,6.032170709201363,18.7,-44.43384255565951,83.7522035054979,131,30.45071430973553,2,0,0
2,False,0,1605.5813186067003,10186.508196395302,1.2,28.0,-40.17853520178887,79.77257114222512,132,7.291337764662103,-1,1,0
4,True,0,1629.4431325332491,10743.52218732989,6.032170709201363,31.153151691210994,-44.64860765633065,83.76325114944659,133,23.861813926548848,2,0,0
2,False,0,1633.5813186067003,10120.982393605076,3.8,28.0,-39.990615738701614,79.77631105562159,134,4.138186073451152,-1,1,0
2,False,0,1661.5813186067003,9868.832280123037,1.2,28.0,-39.802696275614366,79.77993557623567,135,28.0,-1,1,0
4,True,0,1678.1431325332492,10743.52218732989,6.032170709201363,48.7,-44.86337275700179,83.77467199364793,136,16.561813926548894,2,0,0
3,True,0,1686.0392665323025,1205.0,4.7249367906419915,59.1,-49.84914812174546,80.21808067061014,137,7.896133999053291,1,0,0
2,False,0,1689.5813186067003,10264.116657531242,3.8,28.0,-39.61477681252712,79.78346212508396,138,3.542052074397816,-1,1,0
4,True,0,1696.8431325332492,10743.52218732989,6.032170709201363,18.7,-45.07813785767293,83.78651732810363,139,7.261813926548939,2,0,0
1,True,0,1698.7352764967854,9780.753440026745,8.425712150940193,61.0,-40.01986957111842,80.30461204373213,140,1.8921439635362276,0,0,0
2,False,0,1717.5813186067003,10203.165988205988,1.2,28.0,-39.42685734943987,79.78690829737323,141,18.846042109914833,-1,1,0
2,False,0,1745.5813186067003,10037.894690406461,3.8,28.0,-39.23893788635262,79.79029183121693,142,28.0,-1,1,0
2,False,0,1773.5813186067003,9886.01674778539,1.2,28.0,-39.051018423265376,79.79363057609731,143,28.0,-1,1,0
1,True,0,1775.737224871274,9780.753440026745,8.425712150940193,77.00194837448873,-40.15489015023015,80.33720767846967,144,2.1559062645737868,0,0,0
4,True,0,1795.3962842244603,10743.52218732989,6.032170709201363,18.7,-45.722433159686354,83.82510131449375,145,19.659059353186194,2,0,0
3,True,0,1804.2392665323023,1445.7564811313932,5.453732472071801,59.1,-50.16472184592332,80.22175289258188,146,8.842982307842021,1,0,0
4,True,0,1826.5494359156712,10743.52218732989,6.032170709201363,31.153151691210994,-45.93719826035749,83.8391410768392,147,22.31016938336893,2,0,0
2,False,0,1829.5813186067003,10140.039682284681,1.2,28.0,-38.67517949709088,79.80024546318563,148,3.031882691029068,-1,1,0
2,False,0,1857.5813186067003,9988.642256228975,3.8,28.0,-38.48726003400363,79.80355757492967,149,28.0,-1,1,0
3,True,0,1863.3392665323022,1205.0,4.499898803495044,59.1,-50.34326745588485,80.22351231126385,150,5.757947925601911,1,0,0
2,False,0,1885.5813186067003,10264.689540739317,1.2,28.0,-38.29934057091638,79.80689677283007,151,22.24205207439809,-1,1,0
4,True,0,1893.9494359156713,10743.52218732989,6.032170709201363,18.7,-46.36672846169978,83.86926958520559,152,8.368117308971023,2,0,0
2,False,0,1913.5813186067003,10052.378147057258,3.8,28.0,-38.11142110782913,79.81028098519678,153,19.631882691028977,-1,1,0
3,True,0,1922.439266532302,1313.926676709818,5.30924147874485,59.1,-50.53280869936944,80.22523231244261,154,8.85794792560182,1,0,0
4,True,0,1925.1025876068823,10743.52218732989,6.032170709201363,31.153151691210994,-46.581493562370916,83.88544795552998,155,2.6633210745801534,2,0,0
1,True,0,1927.5031827635112,9780.753440026745,8.425712150940193,61.0,-40.43186166336893,80.39920780284709,156,2.400595156628924,0,0,0
2,False,0,1941.5813186067003,10220.594594950331,1.2,28.0,-37.92350164474188,79.81372806030573,157,14.078135843189102,-1,1,0
2,False,0,1969.5813186067003,10223.390845654827,3.8,28.0,-37.735582181654635,79.81725573466511,158,28.0,-1,1,0
4,True,0,1973.8025876068823,10743.52218732989,6.032170709201363,48.7,-46.79625866304205,83.90242662725844,159,4.221269000182019,2,0,0
3,True,0,1981.539266532302,1445.7564811313932,4.655848482482973,59.1,-50.731001484801155,80.22692177065986,160,7.73667892541971,1,0,0
4,True,0,1992.5025876068823,10743.52218732989,6.032170709201363,18.7,-47.0110237637132,83.92024700877812,161,10.963321074580335,2,0,0
2,False,0,1997.5813186067003,9886.004997044905,1.2,28.0,-37.54766271856739,79.82088160148062,162,5.078730999817935,-1,1,0
4,True,0,2023.6557392980933,10743.52218732989,6.032170709201363,31.153151691210994,-47.22578886438434,83.93894901194693,163,26.074420691393016,2,0,0
2,False,0,2025.5813186067003,10142.572557725327,3.8,28.0,-37.35974325548014,79.82462307937536,164,1.9255793086069843,-1,1,0
3,True,0,2040.639266532302,1205.0,5.649980274953801,59.1,-50.93537554775138,80.22858961476149,165,15.057947925601638,1,0,0
2,False,0,2053.5813186067003,9934.801928207602,1.2,28.0,-37.17182379239289,79.82849738142014,166,12.942052074398362,-1,1,0
2,False,0,2081.5813186067003,10206.625334484566,3.8,28.0,-36.983904329305645,79.83252148452928,167,28.0,-1,1,0
1,True,0,2095.271089030237,9780.753440026745,8.425712150940193,90.76595789223703,-40.716426243889494,80.45698651046504,168,13.689770423536629,0,0,0
3,True,0,2099.739266532302,1313.926676709818,5.131198397911843,59.1,-51.14337269251938,80.23024481202255,169,4.468177502064918,1,0,0
2,False,0,2109.5813186067003,10248.060884367404,1.2,28.0,-36.7959848662184,79.83671209927628,170,9.842052074398453,-1,1,0
2,False,0,2137.5813186067003,10195.044652910126,3.8,28.0,-36.60806540313115,79.84108564018302,171,28.0,-1,1,0
2,False,0,2165.5813186067003,10000.350867571844,1.2,28.0,-36.420145940043895,79.84565819653535,172,28.0,-1,1,0
4,True,0,2170.9088909893035,10743.52218732989,6.032170709201363,48.7,-48.084849267068904,84.02331520488279,173,5.3275723826031935,2,0,0
4,True,0,2189.6088909893033,10743.52218732989,6.032170709201363,18.7,-48.29961436774004,84.04696680773372,174,18.699999999999818,2,0,0
3,True,0,2217.9392665323016,1205.0,4.446769835658176,59.1,-51.55980230918105,80.23355323156777,175,28.330375542998354,1,0,0
4,True,0,2220.7620426805142,10743.52218732989,6.032170709201363,31.153151691210994,-48.514379468411185,84.07170430413116,176,2.822776148212597,2,0,0
2,False,0,2221.5813186067003,10068.8821468498,1.2,28.0,-36.0443070138694,79.8554629155321,177,0.8192759261860374,-1,1,0
1,True,0,2233.2730374047255,9780.753440026745,8.425712150940193,77.00194837448873,-41.006561009586164,80.51061016371789,178,11.69171879802525,0,0,0
2,False,0,2253.5813186067003,10202.026823415074,3.8,32.0,-35.85638755078215,79.86072537630791,179,20.30828120197475,-1,1,0
3,True,0,2277.0392665323016,1313.926676709818,4.857857593071726,59.1,-51.763038513733804,80.23522443688468,180,23.457947925601275,1,0,0
2,False,0,2285.5813186067003,10280.88635117848,1.2,32.0,-35.668468087694905,79.86624739492306,181,8.542052074398725,-1,1,0
4,True,0,2319.315194371725,10743.52218732989,6.032170709201363,31.153151691210994,-49.15867477042461,84.152698344953,182,33.73387576502455,2,0,0
1,True,0,2324.0389952969626,9780.753440026745,8.425712150940193,90.76595789223703,-41.153073834520974,80.53589267695523,183,4.723800925237811,0,0,0
3,True,0,2336.1392665323015,1445.7564811313932,4.895581454082954,59.1,-51.95958572108621,80.23691892945335,184,12.100271235338823,1,0,0
4,True,0,2368.0151943717246,10743.52218732989,6.032170709201363,48.7,-49.37343987109575,84.18203552831055,185,31.875927839423184,2,0,0
4,True,0,2386.7151943717245,10743.52218732989,6.032170709201363,18.7,-49.588204971766885,84.21257643718806,186,18.699999999999818,2,0,0
3,True,0,2395.2392665323014,1205.0,4.760179564667181,59.1,-52.14704594530309,80.23864562916881,187,8.524072160576907,1,0,0
2,False,0,2413.5813186067003,9919.128536237296,1.2,32.0,-35.083209764654086,79.89120455380825,188,18.342052074398907,-1,1,0
4,True,0,2417.8683460629354,10743.52218732989,6.032170709201363,31.153151691210994,-49.80297007243803,84.24433836681,189,4.287027456235137,2,0,0
2,False,0,2445.5813186067003,10226.4659929354,3.8,32.0,-35.27112922774134,79.89822498626259,190,27.712972543764863,-1,1,0
1,True,0,2462.0409436714513,9780.753440026745,8.425712150940193,77.00194837448873,-41.44768835943296,80.58347260958983,191,16.45962506475098,0,0,0
4,True,0,2466.5683460629352,10743.52218732989,6.032170709201363,48.7,-50.01773517310917,84.27733644147051,192,4.5274023914839745,2,0,0
4,True,0,2485.268346062935,10743.52218732989,6.032170709201363,18.7,-50.23250027378031,84.31158358764294,193,18.699999999999818,2,0,0
2,False,0,2509.5813186067003,9990.204654785093,3.8,32.0,-35.646968153915836,79.91328486662817,194,24.312972543765227,-1,1,0
3,True,0,2513.439266532301,1445.7564811313932,5.544424893056954,59.1,-52.485889784202975,80.24223102754725,195,3.857947925600911,1,0,0
2,False,0,2541.5813186067003,9909.853562247234,1.2,32.0,-35.834887617003076,79.92134526918564,196,28.14205207439909,-1,1,0
1,True,0,2552.8069015636884,9780.753440026745,8.425712150940193,90.76595789223703,-41.595266245536216,80.60580476001307,197,11.225582956988092,0,0,0
2,False,0,2573.5813186067003,10046.934587914293,3.8,32.0,-36.02280708009033,79.92977223716288,198,20.77441704301191,-1,1,0
4,True,0,2583.8214977541456,10743.52218732989,6.032170709201363,18.7,-50.876795575793736,84.42191529768878,199,10.24017914744536,2,0,0
2,False,0,2605.5813186067003,10091.67641180917,1.2,32.0,-36.21072654317758,79.93857465300034,200,21.75982085255464,-1,1,0
4,True,0,2614.9746494453566,10743.52218732989,6.032170709201363,31.153151691210994,-50.90843932353512,84.4612433169779,201,9.393330838656311,2,0,0
3,True,0,2631.639266532301,1313.926676709818,5.0487661363965,59.1,-52.76395507923233,80.24605056322034,202,16.664617086944418,1,0,0
2,False,0,2637.5813186067003,10079.74892835935,3.8,32.0,-36.398646006264826,79.94776073160585,203,5.942052074399271,-1,1,0
4,True,0,2682.374649445356,10743.52218732989,6.032170709201363,18.7,-50.478909122192846,84.54373896478397,204,44.79333083865595,2,0,0
3,True,0,2690.739266532301,1445.7564811313932,4.544865025203778,59.1,-52.87634922968889,80.2480695442961,205,8.36461708694469,1,0,0
1,True,0,2690.808849938177,9780.753440026745,8.425712150940193,77.00194837448873,-41.88965179107406,80.64765318087002,206,0.06958340587607381,0,0,0
2,False,0,2701.5813186067003,9838.410727227905,3.8,32.0,-36.77448493243932,79.96731331266744,207,10.772468668523288,-1,1,0
3,True,0,2749.839266532301,1205.0,5.3160366302804,59.1,-52.96948277107265,80.25017250297834,208,48.25794792560055,1,0,0
2,False,0,2765.5813186067003,10258.42945753031,3.8,32.0,-37.150323858613824,79.9884818244466,209,15.742052074399453,-1,1,0
1,True,0,2781.574807830414,9780.753440026745,8.425712150940193,90.76595789223703,-42.03593604375169,80.6672143727485,210,15.993489223713823,0,0,0
2,False,0,2797.5813186067003,9989.110019914879,1.2,32.0,-37.33824332170107,79.99968512302965,211,16.006510776286177,-1,1,0
3,True,0,2808.9392665323007,1313.926676709818,5.394068414391597,59.1,-53.04260432474489,80.25236763292422,212,11.357947925600456,1,0,0
4,True,0,2860.7809528277776,10743.52218732989,6.032170709201363,48.7,-49.40508361883714,84.77218878507459,213,51.84168629547685,2,0,0
2,False,0,2861.5813186067003,9911.043218617944,1.2,32.0,-37.71408224787557,80.0233495296962,214,0.8003657789226963,-1,1,0
3,True,0,2868.0392665323006,1445.7564811313932,5.131747225002819,59.1,-53.09527618063686,80.2546629639138,215,6.457947925600365,1,0,0
4,True,0,2879.4809528277774,10743.52218732989,6.032170709201363,18.7,-49.190318518165995,84.82161365697834,216,11.441686295476757,2,0,0
2,False,0,2893.5813186067003,10124.900328130298,3.8,32.0,-37.902001710962814,80.03581629389218,217,14.100365778922878,-1,1,0
4,True,0,2910.6341045189884,10743.52218732989,6.032170709201363,31.153151691210994,-48.97555341749485,84.87225064136416,218,17.052785912288073,2,0,0
1,True,0,2919.5767562049027,9780.753440026745,8.425712150940193,77.00194837448873,-42.32538753103692,80.70373509576049,219,8.94265168591437,0,0,0
2,False,0,2957.5813186067003,9861.919490732842,3.8,32.0,-38.2778406371373,80.06202744013818,220,38.00456240179756,-1,1,0
4,True,0,2959.334104518988,10743.52218732989,6.032170709201363,48.7,-48.760788316823714,84.92408130336757,221,1.7527859122878908,2,0,0
2,False,0,2989.5813186067003,10173.826221273868,1.2,32.0,-38.46576010022456,80.07577295029066,222,30.24721408771211,-1,1,0
4,True,0,3009.187256210199,10743.52218732989,6.032170709201363,31.153151691210994,-48.33125811548143,85.03123934574322,223,19.60593760349866,2,0,0
1,True,0,3010.34271409714,9780.753440026745,8.425712150940193,90.76595789223703,-42.46804013146308,80.72074902079112,224,1.1554578869408942,0,0,0
2,False,0,3021.5813186067003,10218.805045375275,3.8,32.0,-38.65367956331181,80.08994457302906,225,11.238604509560446,-1,1,0
3,True,0,3045.3392665323004,1445.7564811313932,4.737514472541522,59.1,-53.1310054642059,80.26222770522033,226,23.757947925600092,1,0,0
2,False,0,3049.5813186067003,9960.305970051804,1.2,28.0,-38.84159902639906,80.1045409770073,227,4.242052074399908,-1,1,0
4,True,0,3057.8872562101988,10743.52218732989,6.032170709201363,48.7,-48.11649301481029,85.08651939471847,228,8.305937603498478,2,0,0
4,True,0,3076.5872562101986,10743.52218732989,6.032170709201363,18.7,-47.90172791413915,85.14289854267084,229,18.699999999999818,2,0,0
3,True,0,3104.4392665323003,1205.0,4.897099800879465,59.1,-53.10386728342855,80.26500036778427,230,27.852010322101705,1,0,0
2,False,0,3105.5813186067003,10204.444240712477,1.2,28.0,-39.21743795257355,80.13499903078113,231,1.1420520743999987,-1,1,0
2,False,0,3133.5813186067003,9865.734224859016,3.8,28.0,-39.4053574156608,80.15085425783256,232,28.0,-1,1,0
2,False,0,3161.5813186067003,9935.43825316087,1.2,28.0,-39.59327687874805,80.16712143205493,233,28.0,-1,1,0
3,True,0,3163.5392665323,1313.926676709818,4.331122131404608,59.1,-53.05881747671264,80.26791043405525,234,1.9579479255999104,1,0,0
2,False,0,3189.5813186067003,10242.372283048378,3.8,28.0,-39.7811963418353,80.18379549628804,235,26.04205207440009,-1,1,0
4,True,0,3206.29355959262,10743.52218732989,6.032170709201363,31.153151691210994,-47.04266751145459,85.3788050205362,236,16.712240985919834,2,0,0
3,True,0,3222.6392665323,1445.7564811313932,4.875494401020973,59.1,-52.997243221511496,80.27096466268266,237,16.345706939679985,1,0,0
1,True,0,3239.1106203638656,9780.753440026745,8.425712150940193,90.76595789223703,-42.88467231423521,80.76716207304943,238,16.471353831565466,0,0,0
2,False,0,3245.5813186067003,10213.611913079556,3.8,28.0,-40.15703526800979,80.21834045924575,239,6.470698242834715,-1,1,0
4,True,0,3254.99355959262,10743.52218732989,6.032170709201363,48.7,-46.82790241078345,85.44021276976422,240,9.412240985919652,2,0,0
4,True,0,3273.6935595926197,10743.52218732989,6.032170709201363,18.7,-46.61313731011231,85.50252033913137,241,18.699999999999818,2,0,0
1,True,0,3300.1106203638656,9780.753440026745,8.425712150940193,61.0,-43.01895139038588,80.78119737688249,242,26.417060771245815,0,0,0
2,False,0,3301.5813186067003,10230.93162055308,3.8,28.0,-40.53287419418429,80.25443441456625,243,1.4706982428347146,-1,1,0
4,True,0,3304.8467112838307,10743.52218732989,6.032170709201363,31.153151691210994,-46.39837220944116,85.56568854389904,244,3.2653926771304214,2,0,0
4,True,0,3372.2467112838303,10743.52218732989,6.032170709201363,18.7,-45.96884200809888,85.69444254217944,245,67.39999999999964,2,0,0
1,True,0,3377.112568738354,9780.753440026745,8.425712150940193,77.00194837448873,-43.15052982639555,80.79457163138785,246,4.865857454523848,0,0,0
2,False,0,3385.5813186067003,10252.464038692739,1.2,28.0,-41.09663258344604,80.3113329969827,247,8.468749868346094,-1,1,0
2,False,0,3441.5813186067003,10067.712675136383,1.2,28.0,-41.47247150962053,80.35098888701359,248,56.0,-1,1,0
3,True,0,3459.0392665322997,1205.0,4.696266473198832,59.1,-52.62156917112368,80.28474916327852,249,17.457947925599456,1,0,0
1,True,0,3467.8785266305913,9780.753440026745,8.425712150940193,90.76595789223703,-43.27917368060668,80.80732072083403,250,8.839260098291561,0,0,0
4,True,0,3470.799862975041,10743.52218732989,6.032170709201363,18.7,-45.32454670608546,85.89296464573178,251,2.921336344449628,2,0,0
2,False,0,3497.5813186067003,10280.821972605117,1.2,28.0,-41.84831043579503,80.39191874334811,252,26.781455631659355,-1,1,0
4,True,0,3501.953014666252,10743.52218732989,6.032170709201363,31.153151691210994,-45.10978160541432,85.96039330205788,253,4.371696059551596,2,0,0
2,False,0,3525.5813186067003,10261.921555508481,3.8,28.0,-41.96377010111772,80.41283045597518,254,23.628303940448404,-1,1,0
4,True,0,3569.3530146662515,10743.52218732989,6.032170709201363,18.7,-44.68025140407204,86.09684452573993,255,43.77169605955123,2,0,0
3,True,0,3577.2392665322996,1445.7564811313932,5.185751314027492,59.1,-52.38614530666404,80.29266221658746,256,7.886251866048042,1,0,0
1,True,0,3605.88047500508,9780.753440026745,8.425712150940193,77.00194837448873,-43.52674837156301,80.83109243344892,257,28.641208472780363,0,0,0
3,True,0,3636.3392665322995,1205.0,4.314988989150968,59.1,-52.26483128597667,80.29689189835628,258,30.458791527219546,1,0,0
2,False,0,3637.5813186067003,9906.485029759744,3.8,28.0,-41.21209224876873,80.49913960003508,259,1.2420520744008172,-1,1,0
4,True,0,3649.2061663574623,10743.52218732989,6.032170709201363,48.7,-44.25072120272976,86.23508819753556,260,11.624847750762001,2,0,0
2,False,0,3665.5813186067003,10255.584624634008,1.2,28.0,-41.024172785681486,80.521309954812,261,16.375152249238,-1,1,0
4,True,0,3667.906166357462,10743.52218732989,6.032170709201363,18.7,-44.03595610205861,86.30475442636659,262,2.324847750761819,2,0,0
2,False,0,3693.5813186067003,9946.538647486948,3.8,28.0,-40.83625332259423,80.54368704040716,263,25.67515224923818,-1,1,0
3,True,0,3695.4392665322994,1313.926676709818,4.556146380474063,59.1,-52.1443895863731,80.30130967562351,264,1.8579479255990918,1,0,0
1,True,0,3696.646432897317,9780.753440026745,8.425712150940193,90.76595789223703,-43.645239029542424,80.84219211778996,265,1.207166365017656,0,0,0
4,True,0,3699.059318048673,10743.52218732989,6.032170709201363,31.153151691210994,-43.821191001387476,86.37471409781801,266,2.412885151356022,2,0,0
2,False,0,3721.5813186067003,10113.747689755164,1.2,28.0,-40.64833385950699,80.56625493646096,267,22.52200055802723,-1,1,0
4,True,0,3747.759318048673,10743.52218732989,6.032170709201363,48.7,-43.60642590071633,86.44491442199293,268,26.177999441972588,2,0,0
2,False,0,3753.5813186067003,10071.799680756982,3.8,32.0,-40.460414396419736,80.58899738335973,269,5.822000558027412,-1,1,0
1,True,0,3757.646432897317,9780.753440026745,8.425712150940193,61.0,-43.75991553081353,80.85282062240454,270,4.065114290616748,0,0,0
4,True,0,3766.4593180486727,10743.52218732989,6.032170709201363,18.7,-43.39166080004519,86.5153021811227,271,8.812885151355658,2,0,0
2,False,0,3785.5813186067003,10000.661505615786,1.2,32.0,-40.27249493333248,80.61189781114481,272,19.122000558027594,-1,1,0
1,True,0,3834.6483812718056,9780.753440026745,8.425712150940193,77.00194837448873,-43.87057398474196,80.86301871340424,273,49.06706266510537,0,0,0
2,False,0,3849.5813186067003,10038.46937052454,1.2,32.0,-39.89665600715799,80.65810495507814,274,14.932937334894632,-1,1,0
2,False,0,3913.5813186067003,10200.634931370392,1.2,32.0,-39.52081708098349,80.70473873325875,275,64.0,-1,1,0
1,True,0,3925.4143391640428,9780.753440026745,8.425712150940193,90.76595789223703,-43.9770176446349,80.87282792216037,276,11.83302055734248,0,0,0
2,False,0,3945.5813186067003,10122.84218877175,3.8,32.0,-39.33289761789625,80.72817174274266,277,20.16697944265752,-1,1,0
3,True,0,3990.939266532299,1205.0,5.144213210398969,59.1,-51.636447138789734,80.32635063036446,278,45.35794792559864,1,0,0
3,True,0,4050.039266532299,1313.926676709818,4.783058404217336,59.1,-51.5680515560376,80.3319704403627,279,59.09999999999991,1,0,0
1,True,0,4063.4162875385314,9780.753440026745,8.425712150940193,77.00194837448873,-44.17651140077771,80.89144920044869,280,13.377021006232553,0,0,0
3,True,0,4109.139266532298,1445.7564811313932,5.1113932485903835,59.1,-51.51458633011218,80.33779950597868,281,45.7229789937669,1,0,0
1,True,0,4154.1822454307685,9780.753440026745,8.425712150940193,90.76595789223703,-44.2692068044093,80.90034748843748,282,45.04297889847021,0,0,0
4,True,0,4160.671924813515,10743.52218732989,6.032170709201363,18.7,-45.1855204080085,87.35503600331327,283,6.489679382746544,2,0,0
3,True,0,4168.239266532299,1205.0,5.1027507970585795,59.1,-51.47721471756387,80.34383939598742,284,7.567341718783609,1,0,0
4,True,0,4191.825076504726,10743.52218732989,6.032170709201363,31.153151691210994,-45.400285508679644,87.42299635305069,285,23.58580997242734,2,0,0
4,True,0,4240.525076504726,10743.52218732989,6.032170709201363,48.7,-45.61505060935078,87.49040748560554,286,48.69999999999982,2,0,0
4,True,0,4259.225076504726,10743.52218732989,6.032170709201363,18.7,-45.82981571002192,87.55722114229013,287,18.699999999999818,2,0,0
4,True,0,4290.378228195937,10743.52218732989,6.032170709201363,31.153151691210994,-46.04458081069306,87.62339012670702,288,31.15315169121095,2,0,0
1,True,0,4292.184193805258,9780.753440026745,8.425712150940193,77.00194837448873,-44.43967091059268,80.91753849602227,289,1.8059656093209924,0,0,0
2,False,0,4297.581318606701,10097.093798349535,1.2,32.0,-37.26578352393652,80.98553797648174,290,5.397124801443169,-1,1,0
2,False,0,4329.581318606701,10125.662756588266,3.8,32.0,-37.077864060849265,81.0,291,32.0,-1,1,0
3,True,0,4345.5392665323,1205.0,5.394212055880994,59.1,-51.46891818077384,80.36323406548311,292,15.957947925599,1,0,0
4,True,0,4357.778228195936,10743.52218732989,6.032170709201363,18.7,-46.474111012035344,87.75361110604231,293,12.238961663636474,2,0,0
2,False,0,4361.581318606701,9966.018761096106,1.2,32.0,-36.88994459776202,81.0,294,3.8030904107645256,-1,1,0
1,True,0,4382.950151697494,9780.753440026745,8.425712150940193,90.76595789223703,-44.51713653418443,80.92591997704403,295,21.368833090793487,0,0,0
2,False,0,4393.581318606701,10068.610914110985,3.8,32.0,-36.70202513467478,81.0,296,10.631166909206513,-1,1,0
2,False,0,4425.581318606701,9869.150034469889,1.2,32.0,-36.51410567158752,81.0,297,32.0,-1,1,0
1,True,0,4443.950151697494,9780.753440026745,8.425712150940193,61.0,-44.589237799122785,80.93421838210543,298,18.368833090793487,0,0,0
4,True,0,4456.331379887147,10743.52218732989,6.032170709201363,18.7,-47.11840631404877,87.94299784789396,299,12.381228189652575,2,0,0
3,True,0,4463.7392665323005,1445.7564811313932,5.695100520032252,59.1,-51.55176190712179,80.37722978029406,300,7.407886645153667,1,0,0
4,True,0,4487.484531578358,10743.52218732989,6.032170709201363,31.153151691210994,-47.333171414719914,88.0,301,23.745265046057284,2,0,0
1,True,0,4520.952100071983,9780.753440026745,8.425712150940193,77.00194837448873,-44.65584651198987,80.94247862015004,302,33.46756849362555,0,0,0
4,True,0,4554.884531578357,10743.52218732989,6.032170709201363,18.7,-47.76270161606219,88.0,303,33.93243150637409,2,0,0
3,True,0,4581.939266532301,1313.926676709818,4.712759926352817,59.1,-51.70121397618759,80.39207437621683,304,27.054734953943807,1,0,0
4,True,0,4586.037683269568,10743.52218732989,6.032170709201363,31.153151691210994,-47.97746671673333,88.0,305,4.098416737267144,2,0,0
1,True,0,4611.71805796422,9780.753440026745,8.425712150940193,90.76595789223703,-44.716844244924964,80.95074566798101,306,25.68037469465162,0,0,0
4,True,0,4634.737683269568,10743.52218732989,6.032170709201363,48.7,-48.192231817404476,88.0,307,23.0196253053482,2,0,0
3,True,0,4641.039266532302,1445.7564811313932,5.034648935111498,59.1,-51.79831824962954,80.39981208021183,308,6.301583262733402,1,0,0
1,True,0,4672.71805796422,9780.753440026745,8.425712150940193,61.0,-44.7721225461849,80.95906449029391,309,31.6787914319184,0,0,0
4,True,0,4684.590834960779,10743.52218732989,6.032170709201363,31.153151691210994,-48.62176201874675,88.0,310,11.872776996558969,2,0,0
3,True,0,4700.139266532302,1205.0,4.42130667494449,59.1,-51.90840521739989,80.40775774627453,311,15.548431571522997,1,0,0
4,True,0,4751.990834960779,10743.52218732989,6.032170709201363,18.7,-49.05129222008904,88.0,312,51.85156842847664,2,0,0
4,True,0,4783.1439866519895,10743.52218732989,6.032170709201363,31.153151691210994,-49.266057320760176,88.0,313,31.15315169121095,2,0,0
3,True,0,4818.339266532303,1445.7564811313932,4.927798900069098,59.1,-52.160288366341014,80.42426382090242,314,35.19527988031314,1,0,0
3,True,0,4877.439266532303,1205.0,5.395204632040966,59.1,-52.297969162821836,80.4328187475513,315,59.100000000000364,1,0,0
4,True,0,4881.6971383432,10743.52218732989,6.032170709201363,31.153151691210994,-49.9103526227736,88.0,316,4.257871810897086,2,0,0
4,True,0,4930.3971383432,10743.52218732989,6.032170709201363,48.7,-50.125117723444745,88.0,317,48.69999999999982,2,0,0
1,True,0,4978.487912605435,9780.753440026745,8.425712150940193,77.00194837448873,-44.93423185313277,80.99375192327611,318,48.090774262234845,0,0,0
3,True,0,4995.639266532304,1445.7564811313932,4.499878841998557,59.1,-52.5853836110922,80.45051599681449,319,17.15135392686898,1,0,0
1,True,0,5298.021776764397,9780.753440026745,8.425712150940193,90.76595789223703,-44.99886310588077,81.03280766446751,320,302.3825102320934,0,0,0
3,True,0,5350.239266532306,1445.7564811313932,4.3642338605573805,59.1,-53.36745225848609,80.50800331573664,321,52.21748976790877,1,0,0
1,True,0,5526.789683031123,9780.753440026745,8.425712150940193,90.76595789223703,-44.98215703581461,81.06659808542572,322,176.55041649881696,0,0,0
3,True,0,5527.539266532307,1445.7564811313932,4.454532654545602,59.1,-53.59927111803564,80.53896325465568,323,0.7495835011841336,1,0,0
1,True,0,5664.791631405612,9780.753440026745,8.425712150940193,77.00194837448873,-44.94004736651109,81.09186762061472,324,137.25236487330494,0,0,0
3,True,0,5704.839266532308,1445.7564811313932,5.6938793825850365,59.1,-53.66193890911924,80.57117761912134,325,40.04763512669615,1,0,0
1,True,0,5755.557589297849,9780.753440026745,8.425712150940193,90.76595789223703,-44.90979665877229,81.10543827965334,326,50.718322765540506,0,0,0
3,True,0,5763.9392665323085,1205.0,4.40175944828796,59.1,-53.64083663255312,80.58216165098229,327,8.381677234459858,1,0,0
3,True,0,5823.039266532309,1313.926676709818,4.910617742833949,59.1,-53.59818123272548,80.59325615420734,328,59.100000000000364,1,0,0
1,True,0,5984.325495564574,9780.753440026745,8.425712150940193,90.76595789223703,-44.78293848969421,81.15031647325664,329,161.2862290322655,0,0,0
1,True,0,6045.325495564574,9780.753440026745,8.425712150940193,61.0,-44.7288677097925,81.16677483629446,330,61.0,0,0,0
3,True,0,6118.539266532311,1205.0,4.231762065573876,59.1,-53.077760108315886,80.65010689677302,331,73.21377096773631,1,0,0
1,True,0,6122.327443939063,9780.753440026745,8.425712150940193,77.00194837448873,-44.66905612093388,81.18403448273023,332,3.788177406752766,0,0,0
3,True,0,6177.639266532311,1313.926676709818,4.515577338311287,59.1,-52.919738538629645,80.66169468845327,333,55.3118225932476,1,0,0
1,True,0,6213.0934018313,9780.753440026745,8.425712150940193,90.76595789223703,-44.60361006594062,81.20212438874735,334,35.45413529898906,0,0,0
3,True,0,6236.739266532311,1445.7564811313932,4.884830293980647,59.1,-52.74752037304102,80.6733350731463,335,23.645864701011305,1,0,0
3,True,0,6295.839266532312,1205.0,4.9545127733172,59.1,-52.563193263969495,80.68501928731389,336,59.100000000000364,1,0,0
1,True,0,6441.861308098026,9780.753440026745,8.425712150940193,90.76595789223703,-44.37467754174939,81.2616429929001,337,146.02204156571406,0,0,0
1,True,0,6502.861308098026,9780.753440026745,8.425712150940193,61.0,-44.28795420040507,81.28331345859313,338,61.0,0,0,0
3,True,0,6532.239266532313,1313.926676709818,4.283179702149196,59.1,-51.752083825462975,80.73201677137553,339,29.377958434287393,1,0,0
1,True,0,6579.863256472515,9780.753440026745,8.425712150940193,77.00194837448873,-44.19627397823326,81.3059359854961,340,47.62398994020168,0,0,0
3,True,0,6591.339266532314,1445.7564811313932,4.24855157010774,59.1,-51.54354330444441,80.74378650470923,341,11.476010059798682,1,0,0
3,True,0,6650.439266532314,1205.0,4.664284919102544,59.1,-51.337898134049105,80.75554640328909,342,59.100000000000364,1,0,0
1,True,0,6670.6292143647515,9780.753440026745,8.425712150940193,90.76595789223703,-44.09979987932329,81.3295300147867,343,20.18994783243761,0,0,0
3,True,0,6709.539266532314,1313.926676709818,5.439784122371119,59.1,-51.13769883075792,80.76728749108557,344,38.91005216756275,1,0,0
1,True,0,6731.6292143647515,9780.753440026745,8.425712150940193,61.0,-43.9987034311024,81.35411326034675,345,22.089947832437247,0,0,0
1,True,0,6808.631162739241,9780.753440026745,8.425712150940193,77.00194837448873,-43.89316437936621,81.37970167726772,346,77.00194837448907,0,0,0
3,True,0,6945.939266532316,1445.7564811313932,4.531748102620006,59.1,-50.438364284107,80.81388571766712,347,137.30810379307513,1,0,0
1,True,0,6960.397120631477,9780.753440026745,8.425712150940193,61.0,-43.66951660883983,81.43394888457813,348,14.457854099161523,0,0,0
3,True,0,7005.039266532316,1205.0,4.256873961723057,59.1,-50.29914668253987,80.82539983612133,349,44.64214590083884,1,0,0
3,True,0,7064.1392665323165,1313.926676709818,4.612208484550943,59.1,-50.17749922427515,80.83684254278369,350,59.100000000000364,1,0,0
3,True,0,7123.239266532317,1445.7564811313932,5.028089494129542,59.1,-50.07462221198779,80.84820542558028,351,59.100000000000364,1,0,0
1,True,0,7128.165026898203,9780.753440026745,8.425712150940193,90.76595789223703,-43.43044641105672,81.49236310346335,352,4.925760365886163,0,0,0
3,True,0,7182.339266532317,1205.0,4.665904987287838,59.1,-49.99142015366076,80.85948021436114,353,54.1742396341142,1,0,0
1,True,0,7189.165026898203,9780.753440026745,8.425712150940193,61.0,-43.30565503121832,81.52315333931388,354,6.825760365885799,0,0,0
3,True,0,7241.439266532318,1313.926676709818,5.172745092370431,59.1,-49.928488621336626,80.87065879560427,355,52.274239634114565,1,0,0
1,True,0,7266.166975272692,9780.753440026745,8.425712150940193,77.00194837448873,-43.1776532626282,81.55500617866333,356,24.72770874037451,0,0,0
3,True,0,7300.539266532318,1445.7564811313932,4.8321684145859125,59.1,-49.88610603768265,80.88173322684115,357,34.372291259625854,1,0,0
1,True,0,7356.932933164929,9780.753440026745,8.425712150940193,90.76595789223703,-43.04666868775973,81.58792465153063,358,56.3936666326108,0,0,0
3,True,0,7418.739266532319,1313.926676709818,4.203106714286072,59.1,-49.86250182508066,80.90353880908879,359,61.806333367389925,1,0,0
1,True,0,7494.934881539418,9780.753440026745,8.425712150940193,77.00194837448873,-42.776687551622416,81.65696114258854,360,76.19561500709915,0,0,0
3,True,0,7536.939266532319,1205.0,4.269616013035637,59.1,-49.91649923089225,80.92483737061318,361,42.00438499290158,1,0,0
1,True,0,7646.7008394316545,9780.753440026745,8.425712150940193,61.0,-42.49763083578488,81.73024914675712,362,109.76157289933508,0,0,0
3,True,0,7714.2392665323205,1205.0,5.242020345485473,59.1,-50.12246046051742,80.95571316320456,363,67.53842710066601,1,0,0
3,True,0,7832.439266532321,1445.7564811313932,4.455412383257819,59.1,-50.32285373295788,80.97550808992354,364,118.20000000000073,1,0,0
1,True,0,7875.46874569838,9780.753440026745,8.425712150940193,61.0,-42.06638263456999,81.84804854253252,365,43.02947916605899,0,0,0
3,True,0,7891.539266532322,1205.0,4.923029749184432,59.1,-50.435620903100705,80.9851514492407,366,16.070520833941373,1,0,0
1,True,0,7952.470694072869,9780.753440026745,8.425712150940193,77.00194837448873,-41.920275992750334,81.88937422998859,367,60.9314275405477,0,0,0
3,True,0,8009.739266532322,1445.7564811313932,4.479158138247641,59.1,-50.67446764573239,81.0,368,57.268572459453026,1,0,0
1,True,0,8104.236651965106,9780.753440026745,8.425712150940193,61.0,-41.62608210381162,81.97503432466921,369,94.49738543278363,0,0,0
1,True,0,8181.238600339595,9780.753440026745,8.425712150940193,77.00194837448873,-41.47851792269107,82.01933575778128,370,77.00194837448907,0,0,0
3,True,0,8187.039266532323,1445.7564811313932,5.02484532134766,59.1,-51.02936618006318,81.0,371,5.800666192728386,1,0,0
3,True,0,8246.139266532322,1205.0,4.240904452612388,59.1,-51.13722328236453,81.0,372,59.099999999998545,1,0,0
3,True,0,8305.239266532322,1313.926676709818,4.797439654460103,59.1,-51.23616133456572,81.0,373,59.100000000000364,1,0,0
3,True,0,8364.339266532323,1445.7564811313932,4.752525190412062,59.1,-51.32419335430025,81.0,374,59.100000000000364,1,0,0
3,True,0,8482.539266532323,1313.926676709818,5.664440302027032,59.1,-51.460626561609104,81.0,375,118.20000000000073,1,0,0
3,True,0,8541.639266532324,1445.7564811313932,5.696768255395657,59.1,-51.5061728931396,81.0,376,59.100000000000364,1,0,0
1,True,0,8729.540370765286,9780.753440026745,8.425712150940193,90.76595789223703,-40.46126325817594,82.35493561330273,377,187.9011042329621,0,0,0
3,True,0,8778.039266532325,1205.0,4.965194413632608,59.1,-51.516925823766165,81.0,378,48.49889576703936,1,0,0
3,True,0,8837.139266532326,1313.926676709818,4.4077669009964975,59.1,-51.4754389750677,81.0,379,59.100000000000364,1,0,0
1,True,0,8867.542319139775,9780.753440026745,8.425712150940193,77.00194837448873,-40.18340553262497,82.45823517189318,380,30.403052607449354,0,0,0
3,True,0,8896.239266532326,1445.7564811313932,5.533429359999938,59.1,-51.416850855694655,81.0,381,28.69694739255101,1,0,0
1,True,0,8958.308277032012,9780.753440026745,8.425712150940193,90.76595789223703,-40.047865381523955,82.5109703456075,382,62.069010499686556,0,0,0
1,True,0,9096.310225406502,9780.753440026745,8.425712150940193,77.00194837448873,-39.7847670014195,82.618441052452,383,138.00194837448907,0,0,0
1,True,0,9248.07618329874,9780.753440026745,8.425712150940193,61.0,-39.53386168590887,82.72833788857896,384,151.76595789223757,0,0,0
1,True,0,9415.844089565466,9780.753440026745,8.425712150940193,90.76595789223703,-39.2969330438204,82.84035672461404,385,167.76790626672664,0,0,0
1,True,0,9644.611995832192,9780.753440026745,8.425712150940193,90.76595789223703,-38.971400516745696,83.01166187961118,386,228.76790626672664,0,0,0
1,True,0,9873.379902098919,9780.753440026745,8.425712150940193,90.76595789223703,-38.68628186257028,83.1858913750076,387,228.76790626672664,0,0,0
1,True,0,10102.147808365646,9780.753440026745,8.425712150940193,90.76595789223703,-38.44613405013301,83.36186954893695,388,228.76790626672664,0,0,0
1,True,0,10468.917663006861,9780.753440026745,8.425712150940193,77.00194837448873,-38.15589610599745,83.65577886351154,389,366.7698546412157,0,0,0
1,True,0,10559.683620899099,9780.753440026745,8.425712150940193,90.76595789223703,-38.115323701115585,83.71424877877514,390,90.76595789223757,0,0,0
1,True,0,10620.683620899099,9780.753440026745,8.425712150940193,61.0,-38.080769127176126,83.77251079082298,391,61.0,0,0,0
1,True,0,10697.685569273588,9780.753440026745,8.425712150940193,77.00194837448873,-38.05229382095053,83.8305209751287,392,77.00194837448907,0,0,0
1,True,0,10788.451527165826,9780.753440026745,8.425712150940193,90.76595789223703,-38.02994841049412,83.88823585490653,393,90.76595789223757,0,0,0
1,True,0,10849.451527165826,9780.753440026745,8.425712150940193,61.0,-38.013772625131246,83.94561247841132,394,61.0,0,0,0
1,True,0,10926.453475540315,9780.753440026745,8.425712150940193,77.00194837448873,-38.003795224817964,84.0,395,77.00194837448907,0,0,0
1,True,0,11155.221381807041,9780.753440026745,8.425712150940193,77.00194837448873,-38.011175456609664,84.0,396,228.76790626672664,0,0,0
1,True,0,11245.987339699279,9780.753440026745,8.425712150940193,90.76595789223703,-38.02605843082748,84.0,397,90.76595789223757,0,0,0
1,True,0,11383.989288073768,9780.753440026745,8.425712150940193,77.00194837448873,-38.07431656021925,84.0,398,138.00194837448907,0,0,0
1,True,0,11474.755245966006,9780.753440026745,8.425712150940193,90.76595789223703,-38.10760591420022,84.0,399,90.76595789223757,0,0,0
