tag,known,mode_index,toa,rf,pw,pri,pa,doa,pulse_index,dtoa,mapped_label,is_unknown,is_noise
2,False,1,40.385934063852105,11008.85900713275,3.299060546183326,29.14917326884446,-43.443413359093284,76.59880088862967,0,0.0,-1,1,0
5,True,2,59.41070350136184,11972.785294087515,4.158083409701484,29.989761884354138,-47.61659981029479,82.41005630553698,1,19.024769437509732,2,0,0
0,True,-1,60.818785714032245,8502.002059023114,25.28166069632167,,-52.01317250360028,82.85259244950234,2,1.4080822126704078,-1,0,1
2,False,1,73.66305689968533,11008.85900713275,6.16044121735791,33.277122835833225,-42.366490282170204,76.7827820064307,3,12.844271185653085,-1,1,0
4,True,0,77.57815710443529,1205.0,5.463514633661243,59.1,-51.49354069955458,80.04487244575536,4,3.9151002047499617,1,0,0
5,True,2,82.67234064923201,11866.24052265449,6.273297803225969,23.261637147870175,-47.78340018970521,82.50710352308027,5,5.094183544796721,2,0,0
2,False,1,100.51388282896578,11008.85900713275,6.640511183081455,26.850825929280447,-41.28956720524713,76.93244690338172,6,17.841542179733764,-1,1,0
1,True,0,108.73422740793598,9801.575204366613,8.382246879105034,63.04301252740657,-44.135351674049495,79.54155291374877,7,8.220344578970199,0,0,0
5,True,2,112.97373299204847,11568.019386829097,4.158083409701484,30.301392342816456,-47.18340018970521,82.58387800480938,8,4.239505584112493,2,0,0
2,False,1,133.50616367530435,11008.85900713275,6.0519770340423005,32.99228084633856,-40.21264412832405,77.05027382374857,9,20.532430683255882,-1,1,0
4,True,0,136.6781571044353,1326.7774409573747,4.422180550106169,59.1,-51.479765139918435,80.05007515757696,10,3.1719934291309357,1,0,0
5,True,2,138.79385974742917,11216.874132259925,6.273297803225969,25.820126755380706,-46.58340018970521,82.66223061975629,11,2.115702642993881,2,0,0
3,False,0,145.127033515577,9845.93145737885,8.205119364844206,61.0,-33.172285107057355,75.45745613218696,12,6.333173768147844,-1,1,0
2,False,1,160.98168549468642,11008.85900713275,6.754109853829835,27.475521819382063,-39.13572105140098,77.1405913192699,13,15.854651979109406,-1,1,0
5,True,2,169.278636898652,11492.899065230918,4.158083409701484,30.48477715122279,-45.983400189705215,82.76385775827814,14,8.29695140396558,2,0,0
2,False,1,182.42004216010938,11008.85900713275,5.643983956010383,21.438356665422972,-38.0587979744779,77.20932668946362,15,13.141405261457379,-1,1,0
1,True,0,185.14411395714797,9801.575204366613,8.382246879105034,76.409886549212,-43.85562400485323,79.65837634298968,16,2.72407179703859,0,0,0
4,True,0,195.7781571044353,1441.6873887692432,4.449548206847445,59.1,-51.34070316445556,80.05486209094495,17,10.634043147287343,1,0,0
5,True,2,196.8610030502274,11439.035285887772,6.273297803225969,27.582366151575386,-45.38340018970521,82.9081775382014,18,1.0828459457920872,2,0,0
2,False,1,214.1736761257787,11008.85900713275,4.7328282636293,31.753633965669337,-39.01812510244518,77.2636615085239,19,17.312673075551317,-1,1,0
3,False,0,223.39201572809907,9845.93145737885,8.205119364844206,78.26498221252207,-33.31760882702538,75.5011268510259,20,9.218339602320356,-1,1,0
5,True,2,225.35029115419002,11505.781302713449,4.158083409701484,28.489288103962615,-45.21659981029479,83.11042902415507,21,1.9582754260909496,2,0,0
2,False,1,246.75013723726127,11008.85900713275,2.7390061351019743,32.57646111148257,-40.095048179368256,77.31161425833287,22,21.399846083071253,-1,1,0
5,True,2,251.73230883784566,12186.974311766082,6.273297803225969,26.382017683655636,-45.81659981029479,83.38018052174793,23,4.982171600584394,2,0,0
4,True,0,254.8781571044353,1205.0,5.147315047153348,59.1,-51.09556323543464,80.05940786866773,24,3.1458482665896383,1,0,0
2,False,1,274.67920171031994,11008.85900713275,5.748161829652733,27.929064473058702,-41.171971256291336,77.36157432343971,25,19.80104460588464,-1,1,0
1,True,0,277.14411395714797,9801.575204366613,8.382246879105034,92.0,-43.545187174291094,79.76780196877043,26,2.464912246828021,0,0,0
5,True,2,277.95548007682055,11743.720775071773,4.158083409701484,26.22317123897492,-46.41659981029479,83.72039296514933,27,0.8113661196725843,2,0,0
5,True,2,303.93524443690757,11698.34411214081,6.273297803225969,25.979764360086968,-47.016599810294785,84.12713008022256,28,25.979764360087017,2,0,0
2,False,1,312.8881381600898,11008.85900713275,5.659351306132715,38.20893644976983,-42.24889433321441,77.42181443052475,29,8.952893723182228,-1,1,0
4,True,0,313.9781571044353,1326.7774409573747,4.9169799895263,59.1,-50.777516306305735,80.06389025738635,30,1.090018944345502,1,0,0
3,False,0,314.06222843151227,9845.93145737885,8.205119364844206,90.67021270341317,-33.504419882773185,75.5394497540145,31,0.08407132707696974,-1,1,0
5,True,2,330.28056914633953,11636.509252707589,4.158083409701484,26.345324709431967,-47.61659981029479,84.58994369446302,32,16.218340714827264,2,0,0
1,True,0,340.18712648455454,9801.575204366613,8.382246879105034,63.04301252740657,-43.20808820120139,79.86958839974152,33,9.90655733821501,0,0,0
2,False,1,350.0751801970758,11008.85900713275,2.789080823652507,37.18704203698601,-43.32581741013749,77.500009867595,34,9.888053712521241,-1,1,0
5,True,2,357.0940598737794,11383.419383861432,6.273297803225969,26.813490727439834,-47.78340018970521,85.09289647691972,35,7.018879676703591,2,0,0
4,True,0,373.0781571044353,1441.6873887692432,4.470029018150264,59.1,-50.4297769363064,80.0684878501144,36,15.984097230655948,1,0,0
3,False,0,375.0622284315122,9845.93145737885,8.205119364844206,61.0,-33.730282906498395,75.57311038253252,37,1.9840713270768902,-1,1,0
2,False,1,381.9251958488235,11008.85900713275,3.5782374596148045,31.850015651747672,-44.40274048706056,77.60279242414367,38,6.862967417311268,-1,1,0
5,True,2,386.6063178833398,11213.061331992807,4.158083409701484,29.512258009560423,-47.18340018970521,85.61612199519061,39,4.6811220345163065,2,0,0
5,True,2,412.59518292740796,11941.09572811663,6.273297803225969,25.988865044068184,-46.58340018970521,86.13776938024372,40,25.988865044068177,2,0,0
1,True,0,416.59701303376653,9801.575204366613,8.382246879105034,76.409886549212,-42.84872168622479,79.96359383314054,41,4.001830106358568,0,0,0
2,False,1,424.30721044175544,11008.85900713275,5.443175731787253,42.38201459293195,-44.52033643601636,77.73536497565047,42,7.710197407988915,-1,1,0
4,True,0,432.17815710443534,1205.0,4.406203312721904,59.1,-50.100495835277464,80.07337773800505,43,7.8709466626798985,1,0,0
5,True,2,438.9016124858451,11490.184435090878,4.158083409701484,26.306429558437088,-45.98340018970521,86.63614224172187,44,6.723455381409735,2,0,0
3,False,0,453.32721064403427,9845.93145737885,8.205119364844206,78.26498221252207,-33.992253428273784,75.60285505783746,45,14.425598158189189,-1,1,0
2,False,1,457.63948033096864,11008.85900713275,5.9747216067097995,33.33226988921317,-43.443413359093284,77.90119911137033,46,4.312269686934371,-1,1,0
5,True,2,466.20285459254546,11779.362037776224,6.273297803225969,27.301242106700403,-45.38340018970521,87.0918224617986,47,8.563374261576826,2,0,0
2,False,1,486.2470776012088,11008.85900713275,3.0549572493416774,28.60759727024014,-42.366490282170204,78.1018333781847,48,20.044223008663323,-1,1,0
0,True,-1,489.78169769531695,4422.226418734463,16.185099397427475,,-52.84579399318773,83.95421437249136,49,3.5346200941081634,-1,0,1
4,True,0,491.27815710443537,1326.7774409573747,5.089884700016574,59.1,-49.83705895075683,80.07873320169709,50,1.4964594091184154,1,0,0
5,True,2,494.9896416406571,11604.765060612692,4.158083409701484,28.786787048111623,-45.21659981029479,87.48957097584493,51,3.7114845362217466,2,0,0
1,True,0,508.59701303376653,9801.575204366613,8.382246879105034,92.0,-42.47177252146426,80.04977790340787,52,13.607371393109418,0,0,0
2,False,1,516.675793942667,11008.85900713275,2.5096073370097334,30.42871634145823,-41.289567205247124,78.33678386584906,53,8.078780908900512,-1,1,0
0,True,-1,520.4801421916527,2516.209238933435,17.52743746850812,,-47.015110089030756,81.74637519675113,54,3.8043482489856615,-1,0,1
5,True,2,521.0414474524449,11242.248635564798,6.273297803225969,26.051805811787844,-45.81659981029479,87.81981947825206,55,0.56130526079221,2,0,0
3,False,0,543.9974233474475,9845.93145737885,8.205119364844206,90.67021270341317,-34.286916261715724,75.62948115162565,56,22.955975895002553,-1,1,0
5,True,2,548.7209989124011,11411.95191781274,4.158083409701484,27.679551459956148,-46.41659981029479,88.0,57,4.723575564953649,2,0,0
4,True,0,550.3781571044353,1441.6873887692432,4.895486752916762,59.1,-49.6804574872095,80.08472145233662,58,1.6571581920342169,1,0,0
2,False,1,551.2483665664038,11008.85900713275,2.4075643978212655,34.57257262373671,-40.21264412832405,78.60357233009759,59,0.8702094619684431,-1,1,0
1,True,0,571.640025561173,9801.575204366613,8.382246879105034,63.04301252740657,-42.08215481575191,80.12820220841358,60,20.391658994769273,0,0,0
2,False,1,578.4090797051248,11008.85900713275,2.6285542165412914,27.16071313872099,-39.13572105140098,78.89787021919165,61,6.769054143951735,-1,1,0
5,True,2,578.6426560789683,11221.348206546105,6.273297803225969,29.921657166567282,-47.01659981029479,88.0,62,0.23357637384356167,2,0,0
3,False,0,604.9974233474475,9845.93145737885,8.205119364844206,61.0,-34.61043002616158,75.65382669107275,63,26.354767268479122,-1,1,0
5,True,2,608.8805748769128,12043.544545844003,4.158083409701484,30.23791879794438,-47.61659981029479,88.0,64,3.8831515294652945,2,0,0
4,True,0,609.4781571044354,1205.0,4.976481329391102,59.1,-49.66038523194151,80.09150145172426,65,0.5975822275225937,1,0,0
2,False,1,615.9469869666985,11008.85900713275,4.5134571283728135,37.537907261573714,-38.0587979744779,79.21375023361331,66,6.468829862263192,-1,1,0
5,True,0,639.140443310197,8296.78163230514,2.658488668293522,18.796346371539123,-45.524127340368196,82.26085957495208,67,23.193456343498497,2,0,0
1,True,0,648.0499121103851,9801.575204366613,8.382246879105034,76.409886549212,-41.68494783172519,80.19902950643493,68,8.909468800188051,0,0,0
2,False,1,655.0701140563749,11008.85900713275,4.804754197049947,39.12312708967636,-39.01812510244518,79.54403079916843,69,7.020201945989811,-1,1,0
5,True,0,667.495459163639,8296.78163230514,2.658488668293522,28.355015853441948,-44.58295086977996,82.30957737070321,70,12.425345107264093,2,0,0
4,True,0,668.5781571044354,1326.7774409573747,4.278333028094435,59.1,-49.79163518304365,80.09922184000482,71,1.082697940796379,1,0,0
3,False,0,683.2624055599696,9845.93145737885,8.205119364844206,78.26498221252207,-34.95857722494126,75.67675943386787,72,14.684248455534203,-1,1,0
5,True,0,686.2918055351781,8296.78163230514,2.658488668293522,18.796346371539123,-43.641774399191725,82.3537623746214,73,3.0293999752085483,2,0,0
2,False,1,689.4063369434473,11008.85900713275,6.656175745160783,34.336222887072346,-40.095048179368256,79.88069343397481,74,3.1145314082691584,-1,1,0
5,True,0,714.6468213886201,8296.78163230514,2.658488668293522,28.355015853441948,-43.299402071396514,82.39791941362147,75,25.240484445172797,2,0,0
2,False,1,718.6566363051855,11008.85900713275,2.330147665801878,29.250299361738232,-41.171971256291336,80.21534875348335,76,4.00981491656546,-1,1,0
4,True,0,727.6781571044354,1441.6873887692432,5.316433014053568,59.1,-50.072216543069686,80.1080189979157,77,9.021520799249856,1,0,0
5,True,0,733.4431677601592,8296.78163230514,2.658488668293522,18.796346371539123,-44.240578541984746,82.44655426693002,78,5.765010655723813,2,0,0
1,True,0,740.0499121103851,9801.575204366613,8.382246879105034,92.0,-41.28532976987068,80.26252159435334,79,6.606744350225881,0,0,0
0,True,-1,758.6512438305326,9770.034236580532,18.951064390258043,,-47.14313327442255,66.52773877641522,80,18.601331720147527,-1,0,1
5,True,0,761.7981836136012,8296.78163230514,2.658488668293522,28.355015853441948,-45.18175501257298,82.50402022717795,81,3.1469397830685466,2,0,0
2,False,1,762.8257393424248,11008.85900713275,4.78191817390706,44.169103037239175,-42.24889433321441,80.5397240310137,82,1.027555728823586,-1,1,0
3,False,0,773.9326182633828,9845.93145737885,8.205119364844206,90.67021270341317,-35.32681922689615,75.6991655556651,83,11.106878920958025,-1,1,0
5,True,0,780.5945299851403,8296.78163230514,2.658488668293522,18.796346371539123,-46.12293148316122,82.57436985424101,84,6.6619117217575194,2,0,0
4,True,0,786.7781571044354,1205.0,5.310984646198014,59.1,-50.48341321062437,80.11801526885559,85,6.183627119295124,1,0,0
2,False,1,793.8975511145779,11008.85900713275,6.53589739841266,31.071811772153147,-43.32581741013749,80.84614397855884,86,7.119394010142514,-1,1,0
0,True,-1,802.8529509104943,10115.496807165955,4.276200228344079,,-33.8022356997338,86.07781027477006,87,8.955399795916378,-1,0,1
1,True,0,803.0929246377916,9801.575204366613,8.382246879105034,63.04301252740657,-40.8885102627617,80.31903589473171,88,0.23997372729729705,0,0,0
5,True,0,808.9495458385823,8296.78163230514,2.658488668293522,28.355015853441948,-47.064107953749456,82.66121697017387,89,5.8566212007906415,2,0,0
5,True,0,827.7458922101214,8296.78163230514,2.658488668293522,18.796346371539123,-48.00528442433769,82.76761359483427,90,18.79634637153913,2,0,0
2,False,1,831.4802971854111,11008.85900713275,3.0122005461576595,37.582746070833224,-44.40274048706056,81.0,91,3.734404975289749,-1,1,0
3,False,0,834.9326182633828,9845.93145737885,8.205119364844206,61.0,-35.710355434377206,75.72193809742862,92,3.4523210779716464,-1,1,0
4,True,0,845.8781571044354,1326.7774409573747,5.583238465367309,59.1,-50.991779222739666,80.12931736395093,93,10.945538841052667,1,0,0
5,True,0,856.1009080635633,8296.78163230514,2.658488668293522,28.355015853441948,-48.94646089492592,82.89594601300733,94,10.222750959127893,2,0,0
2,False,1,863.7480072155455,11008.85900713275,5.074684619860611,32.267710030134396,-44.52033643601636,81.0,95,7.647099151982161,-1,1,0
5,True,0,874.8972544351025,8296.78163230514,2.658488668293522,18.796346371539123,-49.88763736551416,83.04785351233912,96,11.149247219556969,2,0,0
1,True,0,879.5028111870037,9801.575204366613,8.382246879105034,76.409886549212,-40.499662459530654,80.36902079626468,97,4.60555675190119,0,0,0
2,False,1,897.9018497102733,11008.85900713275,5.964681633950162,34.153842494727776,-43.443413359093284,81.0,98,18.39903852326961,-1,1,0
5,True,0,903.2522702885444,8296.78163230514,2.658488668293522,28.355015853441948,-50.8288138361024,83.22417255936206,99,5.350420578271155,2,0,0
4,True,0,904.9781571044355,1441.6873887692432,4.336294922993767,59.1,-51.5528414210906,80.14201497091335,100,1.7258868158910445,1,0,0
3,False,0,913.1976004759049,9845.93145737885,8.205119364844206,78.26498221252207,-36.10418586637688,75.74596532327796,101,8.219443371469424,-1,1,0
5,True,0,922.0486166600836,8296.78163230514,2.658488668293522,18.796346371539123,-50.23000969330937,83.42490831463043,102,8.851016184178661,2,0,0
2,False,0,938.2619972804512,9854.764282091697,1.2733436977461303,28.0,-36.45417561596847,76.13226604205644,103,16.213380620367616,-1,1,0
5,True,0,950.4036325135255,8296.78163230514,2.658488668293522,28.355015853441948,-49.28883322272114,83.64923445698373,104,12.14163523307434,2,0,0
4,True,0,964.0781571044355,1205.0,5.414044314145065,59.1,-52.1160811242712,80.15617958482311,105,13.674524590909982,1,0,0
2,False,0,966.2619972804512,9963.879693867246,3.685654747014744,28.0,-37.45417561596847,76.17729316449704,106,2.1838401760156785,-1,1,0
5,True,0,969.1999788850646,8296.78163230514,2.658488668293522,18.796346371539123,-48.3476567521329,83.8955213229229,107,2.9379816046134692,2,0,0
1,True,0,971.5028111870037,9801.575204366613,8.382246879105034,92.0,-40.12385558595873,80.41300980834622,108,2.30283230193902,0,0,0
2,False,0,994.2619972804512,9838.51357784672,1.2733436977461303,28.0,-38.45417561596847,76.2223843844359,109,22.75918609344751,-1,1,0
5,True,0,997.5549947385066,8296.78163230514,2.658488668293522,28.355015853441948,-47.40648028154467,84.16139140284615,110,3.2929974580554244,2,0,0
3,False,0,1003.8678131793181,9845.93145737885,8.205119364844206,90.67021270341317,-36.50317634092803,75.7721191406068,111,6.312818440811498,-1,1,0
5,True,0,1016.3513411100457,8296.78163230514,2.658488668293522,18.796346371539123,-46.46530381095643,84.4438003042869,112,12.483527930727632,2,0,0
2,False,0,1022.2619972804512,9834.340736078571,3.685654747014744,28.0,-39.45417561596847,76.27423295689866,113,5.910656170405446,-1,1,0
4,True,0,1023.1781571044355,1326.7774409573747,4.231581268686266,59.1,-52.6306178722126,80.17186357608142,114,0.9161598239843443,1,0,0
1,True,0,1034.5458237144103,9801.575204366613,8.382246879105034,63.04301252740657,-39.76598885936548,80.45161460595887,115,11.367666609974776,0,0,0
5,True,0,1044.7063569634877,8296.78163230514,2.658488668293522,28.355015853441948,-45.524127340368196,84.73914042504792,116,10.160533249077389,2,0,0
2,False,0,1050.2619972804512,10005.836388519529,1.2733436977461303,28.0,-40.45417561596847,76.33919329503917,117,5.5556403169634905,-1,1,0
5,True,0,1063.5027033350268,8296.78163230514,2.658488668293522,18.796346371539123,-44.58295086977996,85.04336380576737,118,13.24070605457564,2,0,0
3,False,0,1064.867813179318,9845.93145737885,8.205119364844206,61.0,-36.9021254070176,75.8012437334367,119,1.3651098442912826,-1,1,0
2,False,0,1078.2619972804512,10171.33313207225,3.685654747014744,28.0,-41.45417561596847,76.42296233333025,120,13.394184101133078,-1,1,0
4,True,0,1082.2781571044354,1441.6873887692432,4.755732422224483,59.1,-53.0509366641358,80.18909950768216,121,4.016159823984253,1,0,0
5,True,0,1091.8577191884688,8296.78163230514,2.658488668293522,28.355015853441948,-43.641774399191725,85.35211997831979,122,9.579562084033341,2,0,0
2,False,0,1106.2619972804512,10084.903399362041,1.2733436977461303,28.0,-41.54582438403153,76.53029385948086,123,14.404278091982405,-1,1,0
5,True,0,1110.654065560008,8296.78163230514,2.658488668293522,18.796346371539123,-43.299402071396514,85.6609041157903,124,4.3920682795567245,2,0,0
1,True,0,1110.9557102636222,9801.575204366613,8.382246879105034,76.409886549212,-39.430727619818654,80.48551705555485,125,0.30164470361432905,0,0,0
2,False,0,1134.2619972804512,10049.752269525285,3.685654747014744,28.0,-40.54582438403153,76.6647601396703,126,23.306287016828946,-1,1,0
5,True,0,1139.0090814134496,8296.78163230514,2.658488668293522,28.355015853441948,-44.240578541984746,85.96521043895233,127,4.747084132998452,2,0,0
4,True,0,1141.3781571044353,1205.0,5.543748273025713,59.1,-53.34199503420109,80.20789971070346,128,2.36907569098571,1,0,0
3,False,0,1143.13279539184,9845.93145737885,8.205119364844206,78.26498221252207,-37.295832153455144,75.83414455718733,129,1.7546382874047595,-1,1,0
5,True,0,1157.8054277849888,8296.78163230514,2.658488668293522,18.796346371539123,-45.181755012572985,86.26068565517498,130,14.67263239314866,2,0,0
2,False,0,1166.2619972804512,9853.817763011342,1.2733436977461303,32.0,-39.54582438403153,76.82857279020551,131,8.456569495462418,-1,1,0
5,True,0,1186.160443638431,8296.78163230514,2.658488668293522,28.355015853441948,-46.12293148316122,86.54327720458252,132,19.898446357979765,2,0,0
2,False,0,1198.2619972804512,10000.649207692819,3.685654747014744,32.0,-38.54582438403153,77.02247187784451,133,12.101553642020235,-1,1,0
4,True,0,1200.4781571044352,1326.7774409573747,4.419112163537122,59.1,-53.48311839002697,80.22825612355322,134,2.2161598239840714,1,0,0
1,True,0,1202.9557102636222,9801.575204366613,8.382246879105034,92.0,-39.122442510291755,80.5154603258841,135,2.477553159186982,0,0,0
5,True,0,1204.95679000997,8296.78163230514,2.658488668293522,18.796346371539123,-47.06410795374945,86.80937126512025,136,2.001079746347841,2,0,0
2,False,0,1230.2619972804512,10065.038870051478,1.2733436977461303,32.0,-37.54582438403153,77.24568880975893,137,25.305207270481105,-1,1,0
5,True,0,1233.3118058634118,8296.78163230514,2.658488668293522,28.355015853441948,-48.00528442433769,87.05591581693042,138,3.0498085829606225,2,0,0
3,False,0,1233.8030080952533,9845.93145737885,8.205119364844206,90.67021270341317,-37.67916401070398,75.87157783833328,139,0.49120223184149836,-1,1,0
5,True,0,1252.108152234951,8296.78163230514,2.658488668293522,18.796346371539123,-48.94646089492592,87.28052457522797,140,18.30514413969763,2,0,0
4,True,0,1259.5781571044351,1441.6873887692432,4.915956295204518,59.1,-53.47023289532945,80.25014039706437,141,7.470004869484228,1,0,0
2,False,0,1262.2619972804512,10189.698201274268,3.685654747014744,32.0,-36.54582438403153,77.49598487398775,142,2.6838401760160195,-1,1,0
1,True,0,1265.9987227910287,9801.575204366613,8.382246879105034,63.04301252740657,-38.84515249864876,80.5422391996531,143,3.736725510577571,0,0,0
5,True,0,1280.463168088393,8296.78163230514,2.658488668293522,28.355015853441948,-49.88763736551416,87.48155825236677,144,14.464445297364364,2,0,0
2,False,0,1294.2619972804512,9924.725719201124,1.2733436977461303,32.0,-35.54582438403153,77.76976349780313,145,13.798829192058065,-1,1,0
3,False,0,1294.8030080952533,9845.93145737885,8.205119364844206,61.0,-38.04712366177434,75.91424071583556,146,0.5410108148021209,-1,1,0
5,True,0,1299.2595144599322,8296.78163230514,2.658488668293522,18.796346371539123,-50.82881383610239,87.6581803818144,147,4.456506364678944,2,0,0
4,True,0,1318.678157104435,1205.0,5.256167012786769,59.1,-53.316178427007905,80.2735042640695,148,19.418642644502825,1,0,0
2,False,0,1326.2619972804512,9946.794942558656,3.685654747014744,32.0,-35.45417561596847,78.0622505948849,149,7.5838401760161105,-1,1,0
5,True,0,1327.614530313374,8296.78163230514,2.658488668293522,28.355015853441948,-50.23000969330937,87.81038580301664,150,1.3525330329227927,2,0,0
1,True,0,1342.4086093402407,9801.575204366613,8.382246879105034,76.409886549212,-38.60247248425186,80.56668971231679,151,14.794079026866712,0,0,0
5,True,0,1346.410876684913,8296.78163230514,2.658488668293522,18.796346371539123,-49.28883322272114,87.93900083713392,152,4.002267344672418,2,0,0
2,False,0,1358.2619972804512,10130.063032351549,1.2733436977461303,32.0,-36.45417561596847,78.36773395794356,153,11.851120595538077,-1,1,0
3,False,0,1373.0679903077753,9845.93145737885,8.205119364844206,78.26498221252207,-38.39491418989278,75.96276215286899,154,14.80599302732412,-1,1,0
5,True,0,1374.7658925383553,8296.78163230514,2.658488668293522,28.355015853441948,-48.3476567521329,88.0,155,1.6979022305799845,2,0,0
4,True,0,1377.778157104435,1326.7774409573747,5.368458190469756,59.1,-53.04906730350511,80.29828016863728,156,3.0122645660796934,1,0,0
2,False,0,1390.2619972804512,10038.342302871573,3.685654747014744,32.0,-37.45417561596847,78.67984969264582,157,12.483840176016201,-1,1,0
5,True,0,1393.5622389098944,8296.78163230514,2.658488668293522,18.796346371539123,-47.40648028154467,88.0,158,3.300241629443235,2,0,0
2,False,0,1418.2619972804512,9922.200636933569,1.2733436977461303,28.0,-38.45417561596847,78.99190132984982,159,24.699758370556765,-1,1,0
5,True,0,1421.9172547633361,8296.78163230514,2.658488668293522,28.355015853441948,-46.46530381095643,88.0,160,3.655257482884963,2,0,0
1,True,0,1434.4086093402407,9801.575204366613,8.382246879105034,92.0,-38.39756617221997,80.58967825307788,161,12.491354576904541,0,0,0
4,True,0,1436.8781571044349,1441.6873887692432,4.232267147609329,59.1,-52.70888161027551,80.32438214676728,162,2.4695477641942034,1,0,0
5,True,0,1440.7136011348753,8296.78163230514,2.658488668293522,18.796346371539123,-45.524127340368196,88.0,163,3.835444030440385,2,0,0
2,False,0,1446.2619972804512,10072.007273194982,3.685654747014744,28.0,-39.45417561596847,79.29719561452993,164,5.548396145575907,-1,1,0
3,False,0,1463.7382030111885,9845.93145737885,8.205119364844206,90.67021270341317,-38.718001613648205,76.01769473732541,165,17.47620573073732,-1,1,0
2,False,0,1474.2619972804512,10133.31743317234,1.2733436977461303,28.0,-40.45417561596847,79.58937813353225,166,10.52379426926268,-1,1,0
4,True,0,1495.9781571044348,1205.0,4.514626742186602,59.1,-52.34270662425646,80.3517069470623,167,21.716159823983617,1,0,0
1,True,0,1497.4516218676472,9801.575204366613,8.382246879105034,63.04301252740657,-38.23310482969424,80.61209027017867,168,1.4734647632124052,0,0,0
2,False,0,1502.2619972804512,10055.873330673601,3.685654747014744,28.0,-41.45417561596847,79.86275195238403,169,4.810375412803978,-1,1,0
0,True,-1,1506.7063276592548,10671.557415267966,7.9653529188675005,,-46.72473169838181,76.28914736137733,170,4.44433037880367,-1,0,1
3,False,0,1524.7382030111885,9845.93145737885,8.205119364844206,61.0,-39.01217399437342,76.0795074779854,171,18.03187535193365,-1,1,0
2,False,0,1530.2619972804512,10199.646136033514,1.2733436977461303,28.0,-41.54582438403153,80.11256328337628,172,5.52379426926268,-1,1,0
4,True,0,1555.0781571044347,1326.7774409573747,5.316507987557674,59.1,-51.999156258761644,80.38013537676807,173,24.816159823983526,1,0,0
2,False,0,1558.2619972804512,9934.77355244575,3.685654747014744,28.0,-40.54582438403153,80.3352398603297,174,3.1838401760164743,-1,1,0
1,True,0,1573.8615084168591,9801.575204366613,8.382246879105034,76.409886549212,-38.111232461785704,80.634818727729,175,15.599511136407955,0,0,0
2,False,0,1586.2619972804512,10002.197587610428,1.2733436977461303,28.0,-39.54582438403153,80.52857006693735,176,12.400488863592045,-1,1,0
3,False,0,1603.0031852237105,9845.93145737885,8.205119364844206,78.26498221252207,-39.273596345207004,76.14857969027157,177,16.74118794325932,-1,1,0
4,True,0,1614.1781571044346,1441.6873887692432,4.288414916007762,59.1,-51.72264019006197,80.40953385563321,178,11.174971880724115,1,0,0
2,False,0,1614.2619972804512,10030.513003927028,3.685654747014744,28.0,-38.54582438403153,80.69181383644121,179,0.08384017601656524,-1,1,0
2,False,0,1646.2619972804512,10078.901302066555,1.2733436977461303,32.0,-37.54582438403153,80.82573976166965,180,32.0,-1,1,0
1,True,0,1665.8615084168591,9801.575204366613,8.382246879105034,92.0,-38.033537861189814,80.65875246455354,181,19.599511136407955,0,0,0
4,True,0,1673.2781571044345,1205.0,5.559170311223596,59.1,-51.54814048718103,80.43975615733206,182,7.416648687575389,1,0,0
2,False,0,1678.2619972804512,10002.323376865646,3.685654747014744,32.0,-36.54582438403153,80.93258655458366,183,4.983840176016656,-1,1,0
3,False,0,1693.6733979271237,9845.93145737885,8.205119364844206,90.67021270341317,-39.49886062601188,76.225196051292,184,15.411400646672519,-1,1,0
0,True,-1,1700.163165303,6466.137277279371,7.121464952331541,,-43.56098434065019,75.24740070890653,185,6.489767375876227,-1,0,1
2,False,0,1710.2619972804512,10069.106396904572,1.2733436977461303,32.0,-35.54582438403153,81.0,186,10.098831977451255,-1,1,0
1,True,0,1728.9045209442656,9801.575204366613,8.382246879105034,63.04301252740657,-38.00103389584391,80.68476460681842,187,18.642523663814472,0,0,0
4,True,0,1732.3781571044344,1326.7774409573747,5.302450053009081,59.1,-51.49710603817614,80.47064531574843,188,3.4736361601687804,1,0,0
2,False,0,1742.2619972804512,10000.565633891682,3.685654747014744,32.0,-35.45417561596847,81.0,189,9.883840176016747,-1,1,0
3,False,0,1754.6733979271237,9845.93145737885,8.205119364844206,61.0,-39.68503017239045,76.30954288863869,190,12.411400646672519,-1,1,0
2,False,0,1774.2619972804512,9975.2850826821,1.2733436977461303,32.0,-36.45417561596847,81.0,191,19.58859935332748,-1,1,0
4,True,0,1791.4781571044343,1441.6873887692432,5.6650070152252985,59.1,-51.57494277669427,80.50203567126896,192,17.216159823983162,1,0,0
1,True,0,1805.3144074934776,9801.575204366613,8.382246879105034,76.409886549212,-38.014144304644695,80.71370118549628,193,13.836250389043244,0,0,0
3,False,0,1832.9383801396457,9845.93145737885,8.205119364844206,78.26498221252207,-39.82967797959602,76.40170575132251,194,27.623972646168113,-1,1,0
4,True,0,1850.5781571044342,1205.0,5.178509106809182,59.1,-51.770391819632835,80.5337550304096,195,17.639776964788553,1,0,0
6,False,0,1854.7821271708644,5400.0,7.329721194173446,1000.888633235805,-35.261004368893886,65.47779661043228,196,4.203970066430202,-1,1,0
7,True,0,1864.6105433371542,3146.2852976580293,23.166797656842483,1017.9284937343302,-36.78088311443188,85.08823490185846,197,9.828416166289799,3,0,0
1,True,0,1897.3144074934776,9801.575204366613,8.382246879105034,92.0,-38.072698173363655,80.7463701070588,198,32.703864156323334,0,0,0
4,True,0,1909.6781571044341,1326.7774409573747,5.311780358842188,59.1,-52.0568677554403,80.56562691062095,199,12.363749610956575,1,0,0
3,False,0,1923.608592843059,9845.93145737885,8.205119364844206,90.67021270341317,-39.930918342251374,76.50166829451096,200,13.930435738624737,-1,1,0
1,True,0,1960.357420020884,9801.575204366613,8.382246879105034,63.04301252740657,-38.175932162775446,80.78353062118028,201,36.748827177825206,0,0,0
4,True,0,1968.778157104434,1441.6873887692432,5.054184250110256,59.1,-52.39560105019814,80.59747284100821,202,8.420737083549966,1,0,0
3,False,0,1984.608592843059,9845.93145737885,8.205119364844206,61.0,-39.987431437402115,76.60931249260813,203,15.830435738624828,-1,1,0
4,True,0,2027.878157104434,1205.0,5.043443717864082,59.1,-52.740218419499335,80.62911468897221,204,43.26956426137508,1,0,0
1,True,0,2036.767306570096,9801.575204366613,8.382246879105034,76.409886549212,-38.32250045995204,80.82588342275697,205,8.889149465662058,0,0,0
3,False,0,2062.8735750555807,9845.93145737885,8.205119364844206,78.26498221252207,-39.99848053042731,76.72442017789874,206,26.106268485484634,-1,1,0
4,True,0,2086.978157104434,1326.7774409573747,4.9303478568264145,59.1,-53.04222749115112,80.6603769824403,207,24.104582048853445,1,0,0
1,True,0,2128.767306570096,9801.575204366613,8.382246879105034,92.0,-38.51049232299241,80.87406151727765,208,41.78914946566192,0,0,0
4,True,0,2146.078157104434,1441.6873887692432,4.275016244126098,59.1,-53.256766645230506,80.69108919741308,209,17.310850534337987,1,0,0
3,False,0,2153.543787758994,9845.93145737885,8.205119364844206,90.67021270341317,-39.96392157950196,76.84667588469809,210,7.465630654559845,-1,1,0
1,True,0,2191.8103190975025,9801.575204366613,8.382246879105034,63.04301252740657,-38.73745699046534,80.92862196862885,211,38.266531338508685,0,0,0
4,True,0,2205.178157104434,1205.0,4.279993785328089,59.1,-53.34794983107607,80.72108798100561,212,13.367838006931379,1,0,0
3,False,0,2214.543787758994,9845.93145737885,8.205119364844206,61.0,-39.88420511340249,76.97567096192955,213,9.365630654559936,-1,1,0
4,True,0,2264.278157104434,1326.7774409573747,4.653338207652494,59.1,-53.29318304435011,80.75021928100206,214,49.73436934543997,1,0,0
1,True,0,2268.2202056467145,9801.575204366613,8.382246879105034,76.409886549212,-39.00043563083259,80.99003863691527,215,3.942048542280645,0,0,0
3,False,0,2292.808769971516,9845.93145737885,8.205119364844206,78.26498221252207,-39.76037035817512,77.11090890051642,216,24.58856432480161,-1,1,0
4,True,0,2323.3781571044337,1441.6873887692432,5.394626983488007,59.1,-53.08594855120109,80.7783403541619,217,30.569387132917655,1,0,0
1,True,0,2360.2202056467145,9801.575204366613,8.382246879105034,92.0,-39.29599991534297,81.05869600096867,218,36.842048542280736,0,0,0
4,True,0,2382.4781571044336,1205.0,4.256351234473184,59.1,-52.73673098543372,80.80532162709635,219,22.257951457719173,1,0,0
3,False,0,2383.4789826749293,9845.93145737885,8.205119364844206,90.67021270341317,-39.5940316892351,77.25181180613697,220,1.0008255704956355,-1,1,0
1,True,0,2423.263218174121,9801.575204366613,8.382246879105034,63.04301252740657,-39.620296711540576,81.13488414607822,221,39.78423549919171,0,0,0
4,True,0,2441.5781571044336,1326.7774409573747,5.316628167919682,59.1,-52.2719754128623,80.83104838545569,222,18.314938930312564,1,0,0
3,False,0,2444.4789826749293,9845.93145737885,8.205119364844206,61.0,-39.387357585514266,77.39772793296075,223,2.9008255704957264,-1,1,0
1,True,0,2499.673104723333,9801.575204366613,8.382246879105034,76.409886549212,-39.96909831473894,81.2187949822852,224,55.19412204840364,0,0,0
4,True,0,2500.6781571044335,1441.6873887692432,5.331283265698515,59.1,-51.73119623713223,80.85542226940619,225,1.0050523811005405,1,0,0
3,False,0,2522.7439648874515,9845.93145737885,8.205119364844206,78.26498221252207,-39.14304236002193,77.54794018015218,226,22.065807783018045,-1,1,0
4,True,0,2559.7781571044334,1205.0,5.223900245116855,59.1,-51.16257080515754,80.87836255590103,227,37.034192216981864,1,0,0
1,True,0,2591.673104723333,9801.575204366613,8.382246879105034,92.0,-40.337857562617074,81.31051974254216,228,31.89494761889955,0,0,0
3,False,0,2613.4141775908647,9845.93145737885,8.205119364844206,90.67021270341317,-38.864271035354356,77.70167544037666,229,21.741072867531784,-1,1,0
4,True,0,2618.8781571044333,1326.7774409573747,4.211438597450018,59.1,-50.61752775412086,80.8998072110286,230,5.4639795135685745,1,0,0
1,True,0,2654.7161172507394,9801.575204366613,8.382246879105034,63.04301252740657,-40.72176711443429,81.41004779335168,231,35.83796014630616,0,0,0
3,False,0,2674.4141775908647,9845.93145737885,8.205119364844206,61.0,-38.554677822054394,77.85811467843692,232,19.698060340125267,-1,1,0
4,True,0,2677.978157104433,1441.6873887692432,5.144782174680751,59.1,-50.144957034371295,80.91971369871943,233,3.5639795135684835,1,0,0
1,True,0,2731.1260037999514,9801.575204366613,8.382246879105034,76.409886549212,-41.115822122068664,81.51726677339049,234,53.14784669551818,0,0,0
4,True,0,2737.078157104433,1205.0,4.424953009546777,59.1,-49.78571254803057,80.93805953526898,235,5.952153304481726,1,0,0
3,False,0,2752.679159803387,9845.93145737885,8.205119364844206,78.26498221252207,-38.2182987411192,78.01640360864938,236,15.601002698953835,-1,1,0
0,True,-1,2786.850408449093,5871.642299853816,3.6924378063243473,,-41.03210849854186,66.30245738992826,237,34.17124864570587,-1,0,1
4,True,0,2796.178157104433,1326.7774409573747,4.50895486739408,59.1,-49.56804434331782,80.95484258244694,238,9.327748655340201,1,0,0
1,True,0,2823.1260037999514,9801.575204366613,8.382246879105034,92.0,-41.514885475866215,81.63196405831101,239,26.947846695518365,0,0,0
3,False,0,2843.3493725068,9845.93145737885,8.205119364844206,90.67021270341317,-37.859519008294264,78.17566383176455,240,20.22336870684876,-1,1,0
4,True,0,2855.278157104433,1441.6873887692432,4.983839176966551,59.1,-49.50448925363705,80.9700810753725,241,11.928784597632784,1,0,0
6,False,0,2855.6707604066696,5623.271546488488,7.329721194173446,1000.888633235805,-34.69002001736936,65.5526461388868,242,0.3926033022366937,-1,1,0
7,True,0,2872.8679561561335,3434.2802288792095,23.166797656842483,1008.2574128189791,-37.28997402352279,85.11511252622705,243,17.197195749463845,3,0,0
1,True,0,2886.169016327358,9801.575204366613,8.382246879105034,63.04301252740657,-41.91375477472145,81.75382953262493,244,13.301060171224435,0,0,0
3,False,0,2904.3493725068,9845.93145737885,8.205119364844206,61.0,-37.48301586607986,78.33500428624451,245,18.180356179442242,-1,1,0
4,True,0,2914.378157104433,1205.0,5.084226680298074,59.1,-49.590579335010986,80.98381338479163,246,10.028784597632693,1,0,0
1,True,0,2962.57890287657,9801.575204366613,8.382246879105034,76.409886549212,-42.30723014733181,81.88245963253293,247,48.200745772137,0,0,0
4,True,0,2973.4781571044327,1326.7774409573747,4.955743383912273,59.1,-49.805516153098864,80.99609751685568,248,10.899254227862912,1,0,0
3,False,0,2982.6143547193224,9845.93145737885,8.205119364844206,78.26498221252207,-37.09369760872209,78.49353286461287,249,9.136197614889625,-1,1,0
4,True,0,3032.5781571044326,1441.6873887692432,5.504504821452744,59.1,-50.114730476976874,81.0,250,49.963802385110284,1,0,0
1,True,0,3054.57890287657,9801.575204366613,8.382246879105034,92.0,-42.690182040472294,82.01736260699583,251,22.00074577213718,0,0,0
3,False,0,3073.2845674227356,9845.93145737885,8.205119364844206,90.67021270341317,-36.69663959509115,78.65036804343993,252,18.705664546165735,-1,1,0
4,True,0,3091.6781571044326,1205.0,4.381602709824229,59.1,-50.474027825485514,81.0,253,18.393589681696994,1,0,0
1,True,0,3117.6219154039763,9801.575204366613,8.382246879105034,63.04301252740657,-43.05761809056638,82.15796492846154,254,25.943758299543788,0,0,0
3,False,0,3134.2845674227356,9845.93145737885,8.205119364844206,61.0,-36.29701808361669,78.80465037534867,255,16.662652018759218,-1,1,0
4,True,0,3150.7781571044325,1326.7774409573747,5.40772543681614,59.1,-50.83483606599846,81.0,256,16.493589681696903,1,0,0
1,True,0,3194.0318019531883,9801.575204366613,8.382246879105034,76.409886549212,-43.40474820678008,82.30361876967373,257,43.25364484875581,0,0,0
4,True,0,3209.8781571044324,1441.6873887692432,5.635350230798068,59.1,-51.14994331213119,81.0,258,15.846355151244097,1,0,0
3,False,0,3212.549549635258,9845.93145737885,8.205119364844206,78.26498221252207,-35.900042751843124,78.95555369322582,259,2.6713925308254147,-1,1,0
4,True,0,3268.9781571044323,1205.0,5.666536062744442,59.1,-51.379057585629454,81.0,260,56.428607469174494,1,0,0
1,True,0,3286.0318019531883,9801.575204366613,8.382246879105034,92.0,-43.72704701718143,82.45361044909093,261,17.053644848755994,0,0,0
3,False,0,3303.219762338671,9845.93145737885,8.205119364844206,90.67021270341317,-35.510888780315646,79.10229588057348,262,17.18796038548271,-1,1,0
4,True,0,3328.078157104432,1326.7774409573747,4.226742167024959,59.1,-51.49354069955458,81.0,263,24.858394765761204,1,0,0
1,True,0,3349.074814480595,9801.575204366613,8.382246879105034,63.04301252740657,-44.02031286388436,82.60716973481672,264,20.996657376162602,0,0,0
3,False,0,3364.219762338671,9845.93145737885,8.205119364844206,61.0,-35.134629386187406,79.24414906759387,265,15.144947858076193,-1,1,0
1,True,0,3425.4847010298067,9801.575204366613,8.382246879105034,76.409886549212,-44.28072257808479,82.7634798857506,266,61.26493869113574,0,0,0
3,False,0,3442.484744551193,9845.93145737885,8.205119364844206,78.26498221252207,-34.77616968607545,79.38044912008523,267,17.000043521386488,-1,1,0
1,True,0,3517.4847010298067,9801.575204366613,8.382246879105034,92.0,-44.50488132091279,82.92168829905707,268,74.99995647861351,0,0,0
3,False,0,3533.1549572546064,9845.93145737885,8.205119364844206,90.67021270341317,-34.4401827503642,79.5106042974468,269,15.670256224799687,-1,1,0
1,True,0,3580.5277135572132,9801.575204366613,8.382246879105034,63.04301252740657,-44.68986684034897,83.08091762514763,270,47.37275630260683,0,0,0
3,False,0,3594.1549572546064,9845.93145737885,8.205119364844206,61.0,-34.131048682586446,79.63410296692251,271,13.627243697393169,-1,1,0
1,True,0,3656.937600106425,9801.575204366613,8.382246879105034,76.409886549212,-44.83326756724859,83.24027720527438,272,62.782642851818764,0,0,0
3,False,0,3672.4199394671286,9845.93145737885,8.205119364844206,78.26498221252207,-33.85279751807529,79.75052027351643,273,15.482339360703463,-1,1,0
1,True,0,3748.937600106425,9801.575204366613,8.382246879105034,92.0,-44.933214053833375,83.3988746826288,274,76.51766063929654,0,0,0
3,False,0,3763.090152170542,9845.93145737885,8.205119364844206,90.67021270341317,-33.609056686290465,79.85952367862728,275,14.152552064116662,-1,1,0
1,True,0,3811.9806126338317,9801.575204366613,8.382246879105034,63.04301252740657,-44.98840334480223,83.55582763557759,276,48.890460463289855,0,0,0
3,False,0,3824.090152170542,9845.93145737885,8.205119364844206,61.0,-33.40300372172783,79.9608772951978,277,12.109539536710145,-1,1,0
6,False,0,3856.5593936424743,5858.487239523935,7.329721194173446,1000.888633235805,-34.29577199860351,65.62123919097961,278,32.46924147193249,-1,1,0
1,True,0,3888.3904991830436,9801.575204366613,8.382246879105034,76.409886549212,-44.998115963346244,83.71027508137793,279,31.831105540569297,0,0,0
3,False,0,3902.355134383064,9845.93145737885,8.205119364844206,78.26498221252207,-33.23732483989786,80.0,280,13.964635200020439,-1,1,0
1,True,0,3980.3904991830436,9801.575204366613,8.382246879105034,92.0,-44.96222529062915,83.86138870040446,281,78.03536479997956,0,0,0
3,False,0,3993.0253470864773,9845.93145737885,8.205119364844206,90.67021270341317,-33.114179918398406,80.0,282,12.634847903433638,-1,1,0
7,True,0,4000.8135959382707,3299.6550878996327,23.166797656842483,1127.9456397821375,-37.799064932613696,85.14072651057988,283,7.788248851793469,3,0,0
1,True,0,4043.43351171045,9801.575204366613,8.382246879105034,63.04301252740657,-44.881199216457524,84.0,284,42.61991577217941,0,0,0
3,False,0,4054.0253470864773,9845.93145737885,8.205119364844206,61.0,-33.035174339607096,80.0,285,10.59183537602712,-1,1,0
1,True,0,4119.843398259662,9801.575204366613,8.382246879105034,76.409886549212,-44.756094039621615,84.0,286,65.81805117318436,0,0,0
3,False,0,4132.2903292989995,9845.93145737885,8.205119364844206,78.26498221252207,-33.001338062066935,80.0,287,12.44693103933787,-1,1,0
1,True,0,4211.843398259662,9801.575204366613,8.382246879105034,92.0,-44.58854069742518,84.0,288,79.55306896066213,0,0,0
3,False,0,4222.960542002413,9845.93145737885,8.205119364844206,90.67021270341317,-33.01311219340158,80.0,289,11.117143742751068,-1,1,0
1,True,0,4274.886410787069,9801.575204366613,8.382246879105034,63.04301252740657,-44.38072350392356,84.0,290,51.925868784655904,0,0,0
3,False,0,4283.960542002413,9845.93145737885,8.205119364844206,61.0,-33.07034323980287,80.0,291,9.074131215344096,-1,1,0
1,True,0,4351.296297336281,9801.575204366613,8.382246879105034,76.409886549212,-44.135351674049495,84.0,292,67.33575533386829,0,0,0
3,False,0,4362.225524214935,9845.93145737885,8.205119364844206,78.26498221252207,-33.172285107057355,80.0,293,10.929226878653935,-1,1,0
6,False,0,4857.448026878279,5400.0,7.329721194173446,1000.888633235805,-34.1136184480957,65.68362966259917,294,495.22250266334413,-1,1,0
7,True,0,4990.6493884187485,3304.141119746895,23.166797656842483,989.8357924804778,-38.308155841704604,85.16497996526485,295,133.2013615404694,3,0,0
6,False,0,5858.336660114084,5623.271546488488,7.329721194173446,1000.888633235805,-34.15634210396165,65.73995230975602,296,867.6872716953358,-1,1,0
7,True,0,5980.421446664911,3360.006429581081,23.166797656842483,989.7720582461624,-38.81724675079552,85.18779373721479,297,122.08478655082672,3,0,0
6,False,0,6859.225293349889,5858.487239523935,7.329721194173446,1000.888633235805,-34.41277308642964,65.79042099183208,298,878.8038466849785,-1,1,0
7,True,0,6965.742989248431,3352.314678064823,23.166797656842483,985.3215425835195,-38.67366234011357,85.20910744182864,299,106.5176958985412,3,0,0
6,False,0,7860.113926585695,5400.0,7.329721194173446,1000.888633235805,-34.84916891555858,65.83532588359667,300,894.370937337264,-1,1,0
7,True,0,8114.190519216209,3283.0231060283445,23.166797656842483,1148.4475299677786,-38.164571431022665,85.22888025017717,301,254.07659263051482,3,0,0
6,False,0,8861.0025598215,5623.271546488488,7.329721194173446,1000.888633235805,-35.413190201755874,65.87502969233444,302,746.8120406052903,-1,1,0
7,True,0,9181.712539231885,3325.1068974839977,23.166797656842483,1067.5220200156748,-37.65548052193176,85.24709142127045,303,320.70997941038513,3,0,0
6,False,0,9861.891193057305,5858.487239523935,7.329721194173446,1000.888633235805,-36.04000892582926,65.90996292940137,304,680.17865382542,-1,1,0
7,True,0,10207.253750569245,3189.0251694215194,23.166797656842483,1025.5412113373613,-37.14638961284085,85.26374057244841,305,345.3625575119404,3,0,0
6,False,0,10862.77982629311,5400.0,7.329721194173446,1000.888633235805,-36.65983857794504,65.94061829785086,306,655.5260757238648,-1,1,0
7,True,0,11288.803505620592,3280.4145702888663,23.166797656842483,1081.5497550513453,-36.63729870374994,85.27884768436932,307,426.02367932748166,3,0,0
6,False,0,11863.668459528915,5623.271546488488,7.329721194173446,1000.888633235805,-37.20601044699123,65.96754426929584,308,574.8649539083235,-1,1,0
7,True,0,12333.556621547963,3185.352614513129,23.166797656842483,1044.7531159273726,-36.128207794659026,85.29245284053151,309,469.88816201904774,3,0,0
6,False,0,12864.55709276472,5858.487239523935,7.329721194173446,1000.888633235805,-37.622657227026025,65.99133793374257,310,531.0004712167574,-1,1,0
7,True,0,13354.8733421053,3228.0771211508613,23.166797656842483,1021.3167205573352,-35.61911688556812,85.30461570472343,311,490.3162493405798,3,0,0
6,False,0,13865.445726000526,5400.0,7.329721194173446,1000.888633235805,-37.871111172660115,66.01263721560932,312,510.57238389522536,-1,1,0
7,True,0,14429.837186805871,3482.7392710033855,23.166797656842483,1074.9638447005732,-35.11002597647721,85.31541474321519,313,564.3914608053456,3,0,0
6,False,0,14866.33435923633,5623.271546488488,7.329721194173446,1000.888633235805,-37.93427392737136,66.03211255740592,314,436.4971724304596,-1,1,0
7,True,0,15403.072619761551,3296.9234412759024,23.166797656842483,973.2354329556797,-34.6009350673863,85.32494620183054,315,536.7382605252205,3,0,0
6,False,0,15867.222992472136,5858.487239523935,7.329721194173446,1000.888633235805,-37.81845142878541,66.05045817949036,316,464.15037271058463,-1,1,0
7,True,0,16354.57654150483,3404.543503299803,23.166797656842483,951.5039217432774,-34.091844158295395,85.33332285123547,317,487.353549032694,3,0,0
6,False,0,16868.11162570794,5400.0,7.329721194173446,1000.888633235805,-37.55244247611505,66.06838302984484,318,513.5350842031112,-1,1,0
7,True,0,17462.95477901499,3141.1153110893633,23.166797656842483,1108.3782375101632,-33.58275324920449,85.34067251680003,319,594.8431533070507,3,0,0
6,False,0,17869.000258943743,5623.271546488488,7.329721194173446,1000.888633235805,-37.18398928989306,66.08660154185445,320,406.04547992875086,-1,1,0
7,True,0,18598.408870202187,3131.0674257826295,23.166797656842483,1135.4540911871945,-33.07366234011357,85.34713641219926,321,729.4086112584446,3,0,0
6,False,0,18869.888892179548,5858.487239523935,7.329721194173446,1000.888633235805,-36.774005508811356,66.10582432057556,322,271.4800219773606,-1,1,0
7,True,0,19746.323068236597,3369.1964424372427,23.166797656842483,1147.9141980344095,-32.564571431022664,85.35286729847685,323,876.4341760570496,3,0,0
6,False,0,19870.777525415353,5400.0,7.329721194173446,1000.888633235805,-36.3892558282829,66.12674887891214,324,124.45445717875555,-1,1,0
7,True,0,20719.387438177357,3397.559447774621,23.166797656842483,973.0643699407602,-32.055480521931756,85.35802749257144,325,848.6099127620037,3,0,0
6,False,0,20871.66615865116,5623.271546488488,7.329721194173446,1000.888633235805,-36.094341790323824,66.15005054446827,326,152.2787204738015,-1,1,0
7,True,0,21684.3835378007,3370.315136759472,23.166797656842483,964.9960996233438,-32.45361038715915,85.36278675126701,327,812.7173791495406,3,0,0
6,False,0,21872.554791886963,5858.487239523935,7.329721194173446,1000.888633235805,-35.94392911022436,66.1763736556202,328,188.17125408626453,-1,1,0
7,True,0,22824.94482452112,3324.1374928778696,23.166797656842483,1140.561286720422,-32.96270129625006,85.36732005815361,329,952.3900326341573,3,0,0
6,False,0,22873.44342512277,5400.0,7.329721194173446,1000.888633235805,-35.976123963204046,66.20632316158006,330,48.49860060164792,-1,1,0
7,True,0,23827.72608807845,3104.391059232232,23.166797656842483,1002.7812635573299,-33.47179220534097,85.37180534244871,331,954.2826629556803,3,0,0
6,False,0,23874.332058358574,5623.271546488488,7.329721194173446,1000.888633235805,-36.20777210444578,66.2404567359578,332,46.60597028012489,-1,1,0
7,True,0,24748.08068473123,3158.9986342860075,23.166797656842483,920.3545966527802,-33.98088311443188,85.37642115941766,333,873.7486263726569,3,0,0
6,False,0,24875.22069159438,5858.487239523935,7.329721194173446,1000.888633235805,-36.63223109078466,66.27927750663291,334,127.1400068631483,-1,1,0
6,False,0,25876.109324830184,5400.0,7.329721194173446,1000.888633235805,-37.21987821914018,66.32322749671292,335,1000.8886332358052,-1,1,0
7,True,0,25906.38712092954,3459.733420108079,23.166797656842483,1158.3064361983093,-34.489974023522784,85.38134436263277,336,30.277796099355328,3,0,0
6,False,0,26876.99795806599,5623.271546488488,7.329721194173446,1000.888633235805,-37.92129855287723,66.37268186208632,337,970.6108371364498,-1,1,0
7,True,0,26890.409085977633,3234.4810980631246,23.166797656842483,984.0219650480935,-34.9990649326137,85.38674779841661,338,13.411127911644144,3,0,0
7,True,0,27836.18714243309,3169.5801853526273,23.166797656842483,945.7780564554547,-35.50815584170461,85.39279805252572,339,945.778056455456,3,0,0
6,False,0,27877.886591301794,5858.487239523935,7.329721194173446,1000.888633235805,-38.67278558865939,66.42794400069181,340,41.699448868705076,-1,1,0
6,False,0,28878.7752245376,5400.0,7.329721194173446,1000.888633235805,-39.4035179922641,66.48924159726214,341,1000.8886332358052,-1,1,0
7,True,0,28917.63849823714,3384.8570548567222,23.166797656842483,1081.4513558040485,-36.017246750795515,85.39965327845063,342,38.863273699538695,3,0,0
6,False,0,29879.663857773405,5623.271546488488,7.329721194173446,1000.888633235805,-40.04358070622912,66.55672365510543,343,962.0253595362665,-1,1,0
7,True,0,30057.249556724742,3365.9653858150114,23.166797656842483,1139.6110584876053,-36.52633765988642,85.40746113564322,344,177.5856989513377,3,0,0
6,False,0,30880.55249100921,5858.487239523935,7.329721194173446,1000.888633235805,-40.531900302743416,66.63045855361925,345,823.3029342844675,-1,1,0
7,True,0,31129.882103913995,3400.4233698693183,23.166797656842483,1072.6325471892524,-37.03542856897733,85.41635686454991,346,249.32961290478488,3,0,0
6,False,0,31881.441124245015,5400.0,7.329721194173446,1000.888633235805,-40.823174173202084,66.71043315686049,347,751.5590203310203,-1,1,0
7,True,0,32161.692300667033,3246.3828326807647,23.166797656842483,1031.8101967530376,-37.54451947806824,85.42646152354563,348,280.25117642201803,3,0,0
6,False,0,32882.329757480824,5623.271546488488,7.329721194173446,1000.888633235805,-40.89298988433883,66.79655298479253,349,720.6374568137908,-1,1,0
7,True,0,33222.341520742506,3202.0212661838523,23.166797656842483,1060.6492200754726,-38.053610387159154,85.43788041075278,350,340.01176326168206,3,0,0
6,False,0,33883.218390716625,5858.487239523935,7.329721194173446,1000.888633235805,-40.74054121560587,66.88864344497703,351,660.8768699741195,-1,1,0
7,True,0,34224.46753753492,3450.7378507830595,23.166797656842483,1002.1260167924119,-38.56270129625006,85.45070169131922,352,341.2491468182925,3,0,0
6,False,0,34884.10702395243,5400.0,7.329721194173446,1000.888633235805,-40.38862658079403,66.98645210865328,353,659.639486417509,-1,1,0
7,True,0,35293.44710509126,3273.8854963765652,23.166797656842483,1068.979567556345,-38.92820779465903,85.46499524805064,354,409.34008113883465,3,0,0
6,False,0,35884.99565718823,5623.271546488488,7.329721194173446,1000.888633235805,-39.88093126052142,67.08965200153321,355,591.5485520969669,-1,1,0
7,True,0,36424.79026952903,3349.5209131384595,23.166797656842483,1131.3431644377717,-38.41911688556812,85.48081177038135,356,539.7946123408037,3,0,0
6,False,0,36885.88429042403,5858.487239523935,7.329721194173446,1000.888633235805,-39.276910413716784,67.1978458664113,357,461.0940208949978,-1,1,0
7,True,0,37505.17052745946,3444.932655912152,23.166797656842483,1080.3802579304281,-37.910025976477215,85.49818209356008,358,619.2862370354269,3,0,0
6,False,0,37886.77292365983,5400.0,7.329721194173446,1000.888633235805,-38.64486849952872,67.31057134201967,359,381.60239620037464,-1,1,0
7,True,0,38495.77133920325,3323.9541014439887,23.166797656842483,990.6008117437964,-37.4009350673863,85.51711679666515,360,608.9984155434213,3,0,0
6,False,0,38887.66155689563,5623.271546488488,7.329721194173446,1000.888633235805,-38.05404011964659,67.4273069906144,361,391.89021769238025,-1,1,0
7,True,0,39721.45299879465,3334.547038574343,23.166797656842483,1225.6816595914017,-36.89184415829539,85.53760606469024,362,833.7914418990185,3,0,0
6,False,0,39888.550190131435,5858.487239523935,7.329721194173446,1000.888633235805,-37.566593036941406,67.54747909571394,363,167.097191336783,-1,1,0
7,True,0,40845.54442570361,3469.9840873585717,23.166797656842483,1124.0914269089556,-36.382753249204484,85.55961981649784,364,956.9942355721723,3,0,0
6,False,0,40889.438823367236,5400.0,7.329721194173446,1000.888633235805,-37.2304827822862,67.67046914137077,365,43.894397663629206,-1,1,0
6,False,0,41890.32745660304,5623.271546488488,7.329721194173446,1000.888633235805,-37.073988825770556,67.79562187547278,366,1000.8886332358015,-1,1,0
7,True,0,41967.76284493573,3241.988072619616,23.166797656842483,1122.2184192321204,-35.873662340113576,85.58310809697295,367,77.43538833269122,3,0,0
6,False,0,42891.21608983884,5858.487239523935,7.329721194173446,1000.888633235805,-37.10256633180657,67.92225385195651,368,923.4532449031103,-1,1,0
7,True,0,42894.43285731572,3344.142342490161,23.166797656842483,926.6700123799922,-35.36457143102267,85.60800172826438,369,3.2167674768788856,3,0,0
6,False,0,43892.10472307464,5400.0,7.329721194173446,1000.888633235805,-37.298377836655604,68.04966234057189,370,997.6718657589226,-1,1,0
7,True,0,43932.33977379576,3255.9915113564048,23.166797656842483,1037.9069164800405,-34.85548052193175,85.63421321162389,371,40.23505072111584,3,0,0
7,True,0,44889.50689906548,3373.9015532991616,23.166797656842483,957.1671252697267,-34.34638961284085,85.66163786808605,372,957.167125269727,3,0,0
6,False,0,44892.99335631044,5623.271546488488,7.329721194173446,1000.888633235805,-37.62255715321806,68.17713448804568,373,3.4864572449587286,-1,1,0
6,False,0,45893.881989546244,5858.487239523935,7.329721194173446,1000.888633235805,-38.01993971884028,68.30395661121408,374,1000.8886332358015,-1,1,0
7,True,0,45952.64366528955,3463.5846355774843,23.166797656842483,1063.1367662240657,-33.83729870374994,85.69015520311879,375,58.761675743306114,3,0,0
6,False,0,46894.770622782045,5400.0,7.329721194173446,1000.888633235805,-38.42570645866444,68.42942350097412,376,942.1269574924954,-1,1,0
7,True,0,47014.4742023325,3195.377309340669,23.166797656842483,1061.8305370429514,-33.32820779465903,85.71963047745383,377,119.7035795504562,3,0,0
6,False,0,47895.65925601785,5623.271546488488,7.329721194173446,1000.888633235805,-38.77316544116816,68.55284761576299,378,881.1850536853453,-1,1,0
7,True,0,47947.052172641284,3462.4230783962776,23.166797656842483,932.5779703087811,-32.81911688556812,85.7499164636191,379,51.392916623437486,3,0,0
6,False,0,48896.54788925365,5858.487239523935,7.329721194173446,1000.888633235805,-39.00176307071293,68.67356804471356,380,949.495716612364,-1,1,0
7,True,0,49056.27690807855,3117.1478390291504,23.166797656842483,1109.2247354372685,-32.31002597647721,85.780855365274,381,159.7290188249026,3,0,0
6,False,0,49897.43652248945,5400.0,7.329721194173446,1000.888633235805,-39.06438971161734,68.79095912363839,382,841.1596144108989,-1,1,0
7,True,0,50102.958036272896,3362.9298128712157,23.166797656842483,1046.6811281943421,-32.199064932613695,85.812280874326,383,205.5215137834457,3,0,0
6,False,0,50898.32515572525,5623.271546488488,7.329721194173446,1000.888633235805,-38.93312659447179,68.90443859151921,384,795.3671194523558,-1,1,0
7,True,0,51194.08858392092,3178.18507672193,23.166797656842483,1091.130547648027,-32.7081558417046,85.844020339011,385,295.7634281956707,3,0,0
6,False,0,51899.21378896105,5858.487239523935,7.329721194173446,1000.888633235805,-38.60276208711474,69.0,386,705.1252050401308,-1,1,0
7,True,0,52335.267941925384,3486.285467310757,23.166797656842483,1141.1793580044643,-33.21724675079552,85.87589701467307,387,436.05415296433057,3,0,0
6,False,0,52900.102422196855,5400.0,7.329721194173446,1000.888633235805,-38.091664841447255,69.0,388,564.834480271471,-1,1,0
7,True,0,53415.87885271601,3303.745106976789,23.166797656842483,1080.610910790624,-33.726337659886426,85.9077323679014,389,515.7764305191522,3,0,0
6,False,0,53900.991055432656,5623.271546488488,7.329721194173446,1000.888633235805,-37.439908778838266,69.0,390,485.11220271664934,-1,1,0
7,True,0,54305.61195327893,3362.0138808455476,23.166797656842483,889.7331005629237,-34.23542856897733,85.93934840398623,391,404.6208978462746,3,0,0
6,False,0,54901.87968866846,5858.487239523935,7.329721194173446,1000.888633235805,-36.70486459083617,69.0,392,596.2677353895269,-1,1,0
7,True,0,55314.79881204482,3473.8783558768237,23.166797656842483,1009.1868587658917,-34.74451947806824,85.97056998735223,393,412.91912337636313,3,0,0
6,False,0,55902.76832190426,5400.0,7.329721194173446,1000.888633235805,-35.954767220980784,69.0,394,587.9695098594384,-1,1,0
7,True,0,56356.219982165836,3451.3491166670583,23.166797656842483,1041.4211701210156,-35.25361038715915,86.0,395,453.45166026157676,3,0,0
6,False,0,56903.65695514006,5623.271546488488,7.329721194173446,1000.888633235805,-35.26100436889389,69.0,396,547.4369729742248,-1,1,0
7,True,0,57296.73742997141,3176.855660091958,23.166797656842483,940.5174478055679,-35.762701296250064,86.0,397,393.0804748313458,3,0,0
7,True,0,58389.332676100734,3325.7486301302943,23.166797656842483,1092.5952461293268,-36.27179220534097,86.0,398,1092.5952461293273,3,0,0
7,True,0,59425.490008408175,3439.826461798909,23.166797656842483,1036.1573323074444,-36.78088311443187,86.0,399,1036.1573323074408,3,0,0
