tag,known,mode_index,toa,rf,pw,pri,pa,doa,pulse_index,dtoa,mapped_label,is_unknown,is_noise
0,True,-1,6.562102903834074,3913.6915925617323,7.620039781885793,,-46.105180934989875,82.56413387510004,0,0.0,-1,0,1
0,True,-1,20.926998354416405,11093.09691509255,8.508982165328897,,-44.765363680878075,81.98572898824442,1,14.364895450582331,-1,0,1
2,False,0,32.88285399682083,10045.439727721237,1.2773317908252888,28.0,-35.348877808644836,79.2392380569135,2,11.955855642404423,-1,1,0
0,True,-1,38.85809905177294,6320.92863692762,1.5838833609514218,,-45.124574990137546,85.81568483108094,3,5.9752450549521114,-1,0,1
4,True,0,39.187196568416084,11468.953617319128,6.089811072277788,18.7,-48.51804437143141,82.51516402215789,4,0.3290975166431451,2,0,0
0,True,-1,59.87101067348438,6869.888998980085,5.2894418224041875,,-48.8917101094336,82.33420928879835,5,20.683814105068294,-1,0,1
2,False,0,60.88285399682083,10219.60921048573,3.8,28.0,-35.670716889104604,79.2629817836729,6,1.0118433233364499,-1,1,0
4,True,0,72.73200353496682,11468.953617319128,6.089811072277788,33.544806966550745,-48.15022827947738,82.61908176421962,7,11.849149538145994,2,0,0
0,True,-1,73.20781546767608,7935.499415821799,8.405432948206439,,-53.23699916631532,83.5405005915553,8,0.4758119327092629,-1,0,1
3,True,0,81.44173847303483,1215.0629765553695,4.803885823373894,59.1,-51.49943895620422,80.05102156017755,9,8.233923005358747,1,0,0
2,False,0,88.88285399682083,10041.4016498613,1.2773317908252888,28.0,-35.99255596956438,79.28547429660672,10,7.441115523785996,-1,1,0
0,True,-1,108.75410389577803,8813.683985026035,7.629005238872503,,-40.685870010606706,82.28576937855001,11,19.871249898957203,-1,0,1
2,False,0,116.88285399682083,9996.308274265395,3.8,28.0,-36.314395050024146,79.30671818159179,12,8.128750101042797,-1,1,0
4,True,0,120.77702783072115,11468.953617319128,6.089811072277788,48.04502429575433,-47.78241218752336,82.72013145489316,13,3.894173833900325,2,0,0
0,True,-1,122.26024028943945,5545.922256151884,6.267578422206121,,-41.401550836670914,87.67788608238793,14,1.4832124587182989,-1,0,1
0,True,-1,126.24639737728485,10160.386936303656,6.616462724245581,,-50.95188328531273,87.9045275042997,15,3.986157087845399,-1,0,1
4,True,0,139.47702783072117,11468.953617319128,6.089811072277788,18.7,-47.41459609556934,82.81814582215439,16,13.23063045343632,2,0,0
3,True,0,140.54173847303483,1327.2163805353985,4.271523841836886,59.1,-51.48298144259374,80.07022008751038,17,1.0647106423136563,1,0,0
0,True,-1,143.85615044741192,10277.41308320563,4.356056592809214,,-35.07697433993649,86.0197063134566,18,3.3144119743770943,-1,0,1
2,False,0,144.88285399682084,9863.860591072515,1.2773317908252888,28.0,-36.63623413048391,79.32672253427295,19,1.0267035494089214,-1,1,0
1,True,0,149.64925349285355,9885.562723627985,8.40315077528594,61.87010153869351,-44.077449323338485,79.0871652752014,20,4.7663994960327045,0,0,0
0,True,-1,153.00118580894423,5498.172613464852,8.239887862749814,,-42.99760827866095,83.75659455427716,21,3.351932316090682,-1,0,1
0,True,-1,170.9425977280369,9755.420372584073,7.208409657637267,,-45.02841972661602,81.59231077924316,22,17.941411919092673,-1,0,1
2,False,0,172.88285399682084,10158.703242788379,3.8,28.0,-36.95807321094369,79.34550291264253,23,1.9402562687839406,-1,1,0
4,True,0,173.02183479727188,11468.953617319128,6.089811072277788,33.544806966550745,-47.04678000361531,82.91297341874996,24,0.1389808004510371,2,0,0
0,True,-1,183.06783840790737,2533.712284374389,1.4829473224280565,,-40.51712510904272,84.48654161753024,25,10.046003610635495,-1,0,1
3,True,0,199.64173847303482,1441.2301613298948,4.908875612864685,59.1,-51.415565983907165,80.08911244553359,26,16.573900065127447,1,0,0
2,False,0,200.88285399682084,9845.665508307411,1.2773317908252888,28.0,-37.279912291403456,79.36308125592815,27,1.2411155237860214,-1,1,0
0,True,-1,219.44924051649724,8338.172669295354,7.082559676185024,,-52.57288005658976,86.16783879405627,28,18.5663865196764,-1,0,1
4,True,0,221.0668590930262,11468.953617319128,6.089811072277788,48.04502429575433,-46.67896391166129,83.00447941177316,29,1.6176185765289688,2,0,0
1,True,0,227.11880706603432,9885.562723627985,8.40315077528594,77.46955357318079,-44.24158988199862,79.1015739686496,30,6.051947973008112,0,0,0
2,False,0,228.88285399682084,9853.445750399254,3.8,28.0,-37.60175137186323,79.3794857702118,31,1.7640469307865203,-1,1,0
4,True,0,239.7668590930262,11468.953617319128,6.089811072277788,18.7,-46.31114781970727,83.09254628562034,32,10.884005096205357,2,0,0
2,False,0,256.8828539968208,10230.640171285248,1.2773317908252888,28.0,-37.923590452323,79.39475078137632,33,17.115994903794615,-1,1,0
3,True,0,258.74173847303484,1215.0629765553695,5.496662000223119,59.1,-51.30078973373979,80.10766006395251,34,1.8588844762140297,1,0,0
4,True,0,273.31166605957696,11468.953617319128,6.089811072277788,33.544806966550745,-45.94333172775325,83.17707445466277,35,14.569927586542121,2,0,0
2,False,0,284.8828539968208,10056.325651134879,3.8,28.0,-38.245429532782765,79.40891655614624,36,11.571187937243849,-1,1,0
2,False,0,312.8828539968208,10270.455077682542,1.2773317908252888,28.0,-38.56726861324254,79.4220290921556,37,28.0,-1,1,0
3,True,0,317.8417384730348,1327.2163805353985,5.41994477408477,59.1,-51.144731884152264,80.12582616978516,38,4.958884476213996,1,0,0
1,True,0,318.77180180348637,9885.562723627985,8.40315077528594,91.652994737452,-44.391437060468554,79.11575273101879,39,0.93006333045156,0,0,0
4,True,0,321.3566903553313,11468.953617319128,6.089811072277788,48.04502429575433,-45.57551563579922,83.25798278244002,40,2.5848885518449265,2,0,0
0,True,-1,332.8290664427853,3208.4759661098346,2.516978807630305,,-43.13189285511411,79.52809663517004,41,11.472376087453995,-1,0,1
4,True,0,340.0566903553313,11468.953617319128,6.089811072277788,18.7,-45.2076995438452,83.33520900466792,42,7.227623912545994,2,0,0
2,False,0,340.8828539968208,10265.991875237123,3.8,28.0,-38.88910769370231,79.43413987813771,43,0.8261636414895293,-1,1,0
2,False,0,368.8828539968208,9948.94346034833,1.2773317908252888,28.0,-39.210946774162075,79.44530562548665,44,28.0,-1,1,0
4,True,0,373.60149732188205,11468.953617319128,6.089811072277788,33.544806966550745,-44.839883451891176,83.40871005385564,45,4.718643325061237,2,0,0
3,True,0,376.94173847303483,1441.2301613298948,4.963481273434807,59.1,-50.95566569537558,80.14357597907949,46,3.3402411511527816,1,0,0
1,True,0,380.64190334217983,9885.562723627985,8.40315077528594,61.87010153869351,-44.526209624944364,79.12992726936844,47,3.7001648691449986,0,0,0
2,False,0,396.8828539968208,10093.114573972185,3.8,28.0,-39.53278585462185,79.45558797259032,48,16.240950654640983,-1,1,0
0,True,-1,414.9205655941351,1336.0188113205354,7.467618126978969,,-47.065219617306404,83.22885034105722,49,18.037711597314285,-1,0,1
0,True,-1,416.4917811518115,11098.715821567266,7.837325257751995,,-49.40343190567071,84.4554212150669,50,1.5712155576763962,-1,0,1
4,True,0,421.6465216176364,11468.953617319128,6.089811072277788,48.04502429575433,-44.47206735993716,83.47846228383976,51,5.1547404658248865,2,0,0
0,True,-1,421.6667331173325,9174.72800954524,4.563680052830345,,-39.46074311204798,79.14867334924257,52,0.02021149969613134,-1,0,1
0,True,-1,421.9859298557613,8962.435368589693,4.456735035447581,,-51.516357570303455,82.34399634301982,53,0.3191967384287864,-1,0,1
2,False,0,428.8828539968208,10055.554816855183,1.2773317908252888,32.0,-39.85462493508162,79.46505316347651,54,6.896924141059515,-1,1,0
3,True,0,436.04173847303485,1215.0629765553695,4.7653747995678355,59.1,-50.74366655806649,80.1608768782609,55,7.158884476214041,1,0,0
4,True,0,440.34652161763637,11468.953617319128,6.089811072277788,18.7,-44.10425126798313,83.5444615930643,56,4.304783144601515,2,0,0
0,True,-1,448.2752781278757,5268.3333813797635,2.0308362687931436,,-47.50595521814973,81.01138093908637,57,7.928756510239339,-1,0,1
1,True,0,458.1114569153607,9885.562723627985,8.40315077528594,77.46955357318079,-44.645204933679416,79.14432331278006,58,9.836178787484982,0,0,0
2,False,0,460.8828539968208,9957.764700577434,3.8,32.0,-40.17646401554139,79.47377170244711,59,2.7713970814601225,-1,1,0
4,True,0,473.89132858418714,11468.953617319128,6.089811072277788,33.544806966550745,-43.736435176029104,83.6067234459644,60,13.008474587366322,2,0,0
2,False,0,492.8828539968208,10208.337762913221,1.2773317908252888,32.0,-40.49830309600116,79.4818179865014,61,18.991525412633678,-1,1,0
3,True,0,495.1417384730349,1327.2163805353985,4.7446513961884,59.1,-50.52013444121991,80.1776985941642,62,2.258884476214064,1,0,0
4,True,0,521.9363528799414,11468.953617319128,6.089811072277788,48.04502429575433,-43.368619084075085,83.6652827923419,63,26.794614406906533,2,0,0
2,False,0,524.8828539968208,10193.09786704438,3.8,32.0,-40.82014217646093,79.48926991746447,64,2.9465011168794035,-1,1,0
0,True,-1,526.5315071248535,4016.9656782741754,6.9083938261612445,,-51.782761106518464,86.22064582635251,65,1.64865312803272,-1,0,1
4,True,0,540.6363528799415,11468.953617319128,6.089811072277788,18.7,-43.00080299212106,83.72019388515324,66,14.104845755087922,2,0,0
1,True,0,549.7644516528127,9885.562723627985,8.40315077528594,91.652994737452,-44.74780260023306,79.15916543551035,67,9.128098772871226,0,0,0
3,True,0,554.241738473035,1441.2301613298948,4.753773658041157,59.1,-50.297253089107954,80.19401335186397,68,4.477286820222275,1,0,0
2,False,0,556.8828539968208,10162.661548430835,1.2773317908252888,32.0,-41.1419812569207,79.49620849584328,69,2.6411155237858566,-1,1,0
4,True,0,574.1811598464922,11468.953617319128,6.089811072277788,33.544806966550745,-43.36701309983296,83.77152999765971,70,17.29830584967135,2,0,0
0,True,-1,587.3174510083616,5499.040244231768,3.564065744859974,,-39.586584107203336,87.14467577784015,71,13.136291161869394,-1,0,1
2,False,0,588.8828539968208,9939.944683045846,3.8,32.0,-41.46382033738047,79.50271739852744,72,1.5654029884592546,-1,1,0
0,True,-1,591.5760834338543,11669.77903983432,1.812162459936494,,-48.82340382306051,87.87576675905811,73,2.6932294370334375,-1,0,1
1,True,0,611.6345531915061,9885.562723627985,8.40315077528594,61.87010153869351,-44.83346772787828,79.17467588616495,74,20.058469757651892,0,0,0
3,True,0,613.341738473035,1215.0629765553695,4.989152743804507,59.1,-50.087411295017176,80.20979601948012,75,1.7071852815288366,1,0,0
2,False,0,620.8828539968208,9857.958922674334,1.2773317908252888,32.0,-41.785659417840236,79.50888254253664,76,7.541115523785834,-1,1,0
4,True,0,622.2261841422464,11468.953617319128,6.089811072277788,48.04502429575433,-43.734829191786986,83.81938304141455,77,1.3433301454256252,2,0,0
4,True,0,640.9261841422465,11468.953617319128,6.089811072277788,18.7,-44.10264528374101,83.8638630870787,78,18.700000000000045,2,0,0
2,False,0,652.8828539968208,9880.254757672736,3.8,32.0,-41.89250150169999,79.51479163708919,79,11.95666985457433,-1,1,0
3,True,0,672.441738473035,1327.2163805353985,5.605351691201227,59.1,-49.902613359448274,80.22502423920388,80,19.55888447621419,1,0,0
4,True,0,674.4709911087972,11468.953617319128,6.089811072277788,33.544806966550745,-44.47046137569503,83.90509779056329,81,2.029252635762191,2,0,0
0,True,-1,680.3991361064503,5393.313549475172,6.586560978823016,,-49.92256217990859,81.2169008401947,82,5.928144997653135,-1,0,1
2,False,0,684.8828539968208,10021.991352851852,1.2773317908252888,32.0,-41.57066242124022,79.52053372632668,83,4.483717890370485,-1,1,0
1,True,0,689.1041067646869,9885.562723627985,8.40315077528594,77.46955357318079,-44.901753698305576,79.19107342899724,84,4.221252767866076,0,0,0
0,True,-1,710.1972572587497,4587.6197771561,4.251380973745684,,-36.0934328538579,81.34903918078993,85,21.093150494062797,-1,0,1
2,False,0,716.8828539968208,10283.48680480089,3.8,32.0,-41.24882334078045,79.52619872507906,86,6.685596738071126,-1,1,0
4,True,0,722.5160154045516,11468.953617319128,6.089811072277788,48.04502429575433,-44.83827746764905,83.94323172749088,87,5.633161407730768,2,0,0
3,True,0,731.541738473035,1441.2301613298948,5.320254868424699,59.1,-49.753906352565565,80.23967854386105,88,9.025723068483444,1,0,0
4,True,0,741.2160154045516,11468.953617319128,6.089811072277788,18.7,-45.206093559603076,83.9784256394451,89,9.674276931516602,2,0,0
2,False,0,748.8828539968208,10266.121387505475,1.2773317908252888,32.0,-40.92698426032068,79.53187695009039,90,7.666838592269187,-1,1,0
0,True,-1,749.6159307657517,10467.752763167116,7.944921967002035,,-49.23356029972424,81.31100358047924,91,0.7330767689309141,-1,0,1
0,True,-1,757.8516041108522,5739.848249819315,8.084853678193666,,-39.20044744874031,85.99282034322023,92,8.235673345100508,-1,0,1
0,True,-1,760.1340512419575,11005.279421107592,5.456762927004832,,-41.464569322286,82.55624227981308,93,2.2824471311053003,-1,0,1
4,True,0,774.7608223711023,11468.953617319128,6.089811072277788,33.544806966550745,-45.5739096515571,84.01085559593848,94,14.6267711291448,2,0,0
1,True,0,780.7571015021389,9885.562723627985,8.40315077528594,91.652994737452,-44.95230450008399,79.20857220337268,95,5.996279131036545,0,0,0
2,False,0,780.8828539968208,10062.184894136284,3.8,32.0,-40.60514517986091,79.53765864914918,96,0.12575249468193306,-1,1,0
3,True,0,790.641738473035,1215.0629765553695,4.356141736082753,59.1,-49.65085102105717,80.25374245840483,97,9.758884476214234,1,0,0
0,True,-1,790.7914142889105,11963.37588334594,8.047267148807855,,-44.47683391177634,85.44516474494618,98,0.1496758158754119,-1,0,1
0,True,-1,791.8148844193006,6831.192840526175,6.175119194495035,,-47.31105297418405,81.79277231476715,99,1.0234701303901375,-1,0,1
2,False,0,812.8828539968208,10256.79256759123,1.2773317908252888,32.0,-40.283306099401145,79.54363353057812,100,21.067969577520216,-1,1,0
0,True,-1,815.627417775347,9852.37590775454,1.6595182666904935,,-49.15419213109224,79.21384371433565,101,2.744563778526185,-1,0,1
4,True,0,822.8058466668567,11468.953617319128,6.089811072277788,48.04502429575433,-45.94172574351112,84.04071207646746,102,7.178428891509725,2,0,0
4,True,0,841.5058466668568,11468.953617319128,6.089811072277788,18.7,-46.30954183546515,84.06819897744057,103,18.700000000000045,2,0,0
1,True,0,842.6272030408323,9885.562723627985,8.40315077528594,61.87010153869351,-44.98485658473988,79.2273806073454,104,1.1213563739755728,0,0,0
2,False,0,844.8828539968208,10089.179161528287,3.8,32.0,-39.96146701894137,79.54989029553647,105,2.2556509559884717,-1,1,0
3,True,0,849.7417384730351,1327.2163805353985,4.317900870859537,59.1,-49.6010611446139,80.26720258580913,106,4.858884476214257,1,0,0
2,False,0,872.8828539968208,10049.360398076058,1.2773317908252888,28.0,-39.6396279384816,79.55651617557331,107,23.141115523785743,-1,1,0
4,True,0,875.0506536334075,11468.953617319128,6.089811072277788,33.544806966550745,-46.677357927419166,84.09353254915695,108,2.1677996365866647,2,0,0
0,True,-1,884.2329076343087,5284.202476595875,2.216920856674561,,-53.73625279534059,84.3876150100002,109,9.182254000901253,-1,0,1
0,True,-1,893.2718380466608,7145.693181137308,3.2665853350928007,,-39.009451610483296,82.78506185463199,110,9.038930412352101,-1,0,1
2,False,0,900.8828539968208,9887.318858606013,3.8,28.0,-39.31778885802183,79.56359647784264,111,7.611015950159981,-1,1,0
3,True,0,908.8417384730351,1441.2301613298948,5.152342396832156,59.1,-49.60983295207682,80.2800486769144,112,7.95888447621428,1,0,0
1,True,0,920.0967566140131,9885.562723627985,8.40315077528594,77.46955357318079,-44.99924024077665,79.24770021116719,113,11.255018140977995,0,0,0
4,True,0,923.0956779291619,11468.953617319128,6.089811072277788,48.04502429575433,-47.04517401937319,84.1169402683774,114,2.9989213151487775,2,0,0
0,True,-1,927.4872785807748,2582.27759633395,5.396112695154129,,-48.50103656044201,79.25293340151029,115,4.3916006516129755,-1,0,1
2,False,0,928.8828539968208,10170.099160118883,1.2773317908252888,28.0,-38.99594977756206,79.57121414035127,116,1.395575416045972,-1,1,0
4,True,0,941.7956779291619,11468.953617319128,6.089811072277788,18.7,-47.41299011132722,84.13865965236593,117,12.912823932341098,2,0,0
0,True,-1,942.9960846578256,10070.492358921645,8.066180859069863,,-50.23677875637976,81.48717624165315,118,1.2004067286636655,-1,0,1
0,True,-1,945.9190648592538,5190.134201200139,7.450744436465545,,-41.868666663111405,80.83408160112236,119,2.9229802014282313,-1,0,1
2,False,0,956.8828539968208,10147.752546283964,3.8,28.0,-38.67411069710229,79.57944929955865,120,10.963789137567005,-1,1,0
0,True,-1,959.3549074830638,8561.516009554945,3.5264160896714163,,-41.48311276043466,87.4443659563408,121,2.4720534862429986,-1,0,1
3,True,0,967.9417384730351,1215.0629765553695,4.7091178051519815,59.1,-49.679882001314105,80.29227368386208,122,8.586830989971304,1,0,0
4,True,0,975.3404848957126,11468.953617319128,6.089811072277788,33.544806966550745,-47.78080620328124,84.15893702058463,123,7.398746422677505,2,0,0
0,True,-1,980.0492078434247,5892.069112181506,7.769115433262178,,-36.894882105808655,80.80315582715946,124,4.70872294771209,-1,0,1
2,False,0,984.8828539968208,10298.93348440997,1.2773317908252888,28.0,-38.35227161664252,79.58837887258228,125,4.833646153396103,-1,1,0
1,True,0,1011.7497513514651,9885.562723627985,8.40315077528594,91.652994737452,-44.99538047847186,79.2697247063936,126,26.866897354644266,0,0,0
2,False,0,1012.8828539968208,10120.211893734551,3.8,28.0,-38.03043253618275,79.59807615618757,127,1.1331026453557342,-1,1,0
0,True,-1,1020.5164205027701,1351.2828505677967,5.612719260968254,,-38.35876100090676,81.00680566804317,128,7.633566505949261,-1,0,1
4,True,0,1023.385509191467,11468.953617319128,6.089811072277788,48.04502429575433,-48.148622295235256,84.17802621049817,129,2.869088688696934,2,0,0
0,True,-1,1024.6318879854264,11097.688825482857,7.491329726033108,,-39.00475720493106,85.2306099108004,130,1.2463787939593658,-1,0,1
3,True,0,1027.0417384730351,1327.2163805353985,5.518021505465887,59.1,-49.811199906707756,80.30387379683876,131,2.4098504876087645,1,0,0
2,False,0,1040.8828539968208,9937.82770604432,1.2773317908252888,28.0,-37.70859345572298,79.6086104446525,132,13.841115523785675,-1,1,0
4,True,0,1042.085509191467,11468.953617319128,6.089811072277788,18.7,-48.51643838718928,84.19618725418272,133,1.2026551946462405,2,0,0
2,False,0,1068.8828539968208,10217.161507080837,3.8,28.0,-37.38675437526321,79.6200466684992,134,26.79734480535376,-1,1,0
0,True,-1,1069.1444492851563,2692.7421272474803,3.1392385240174976,,-49.33479361077799,80.72113811712637,135,0.26159528833545664,-1,0,1
1,True,0,1073.6198528901584,9885.562723627985,8.40315077528594,61.87010153869351,-44.97329742083896,79.2936388960658,136,4.475403605002157,0,0,0
4,True,0,1075.6303161580179,11468.953617319128,6.089811072277788,33.544806966550745,-48.88425447914331,84.21368502263907,137,2.01046326785945,2,0,0
3,True,0,1086.141738473035,1441.2301613298948,5.002393234016411,59.1,-50.00103769847375,80.31484846393892,138,10.511422315017171,1,0,0
0,True,-1,1093.4839470204142,11786.061815904352,8.436647231055437,,-51.55416314937862,80.00284114292214,139,7.342208547379187,-1,0,1
2,False,0,1096.8828539968208,10217.035243771596,1.2773317908252888,28.0,-37.06491529480344,79.63244505597639,140,3.398906976406579,-1,1,0
0,True,-1,1120.9500534533058,2607.708852598218,1.3571705870844497,,-48.11718798620289,86.15450398674888,141,24.067199456485014,-1,0,1
4,True,0,1123.6753404537722,11468.953617319128,6.089811072277788,48.04502429575433,-49.25207057109733,84.23078784487798,142,2.7252870004663237,2,0,0
2,False,0,1124.8828539968208,10258.005552032597,3.8,28.0,-36.743076214343674,79.64586081905712,143,1.2075135430486625,-1,1,0
4,True,0,1142.3753404537722,11468.953617319128,6.089811072277788,18.7,-49.61988666305135,84.24776610897693,144,17.492486456951383,2,0,0
3,True,0,1145.241738473035,1215.0629765553695,4.41577587802984,59.1,-50.24401668071634,80.32520039404216,145,2.8663980192627605,1,0,0
1,True,0,1151.0894064633392,9885.562723627985,8.40315077528594,77.46955357318079,-44.9331061987152,79.31961773123314,146,5.847667990304217,0,0,0
2,False,0,1152.8828539968208,9880.616987519945,1.2773317908252888,28.0,-36.4212371338839,79.66034386558911,147,1.7934475334816398,-1,1,0
0,True,-1,1160.0731500787654,3659.042496565807,2.431782651048778,,-41.69412343091434,80.7231744270307,148,7.1902960819445525,-1,0,1
4,True,0,1175.920147420323,11468.953617319128,6.089811072277788,33.544806966550745,-49.98770275500537,84.2648908524018,149,15.846997341557653,2,0,0
2,False,0,1180.8828539968208,9900.156206219852,3.8,28.0,-36.09939805342413,79.67593853909842,150,4.962706576497794,-1,1,0
3,True,0,1204.3417384730349,1327.2163805353985,4.5693112805466525,59.1,-50.53236169679612,80.33493554269047,151,23.458884476214052,1,0,0
2,False,0,1208.8828539968208,10040.677209784917,1.2773317908252888,28.0,-35.77755897296436,79.69268338760268,152,4.5411155237859475,-1,1,0
4,True,0,1223.9651717160773,11468.953617319128,6.089811072277788,48.04502429575433,-50.3555188469594,84.28243234894317,153,15.08231771925648,2,0,0
2,False,0,1236.8828539968208,10288.060996862238,3.8,28.0,-35.45571989250459,79.71061096263975,154,12.91768228074352,-1,1,0
4,True,0,1242.6651717160773,11468.953617319128,6.089811072277788,18.7,-50.723334938913425,84.30065869963379,155,5.782317719256525,2,0,0
1,True,0,1242.7424012007912,9885.562723627985,8.40315077528594,91.652994737452,-44.87501635052276,79.3478253988393,156,0.07722948471382551,0,0,0
3,True,0,1263.4417384730348,1441.2301613298948,4.2814965636574,59.1,-50.85624598985913,80.34406308103877,157,20.69933727224361,1,0,0
2,False,0,1268.8828539968208,10134.253296726352,1.2773317908252888,32.0,-35.13388081204482,79.72974764955896,158,5.4411155237860385,-1,1,0
4,True,0,1276.2099786826282,11468.953617319128,6.089811072277788,33.544806966550745,-50.908848969132556,84.31983443499398,159,7.327124685807348,2,0,0
0,True,-1,1284.101078128922,9920.196842405136,2.829558788455066,,-39.61406554169699,79.85891464828042,160,7.891099446293765,-1,0,1
2,False,0,1300.8828539968208,9944.598764992983,3.8,32.0,-35.18795826841495,79.75011352996012,161,16.781775867898887,-1,1,0
1,True,0,1304.6125027394846,9885.562723627985,8.40315077528594,61.87010153869351,-44.79933072983243,79.37841446572777,162,3.7296487426638123,0,0,0
0,True,-1,1315.5824834433306,10745.607811632808,3.9783826437241467,,-49.23277429038092,80.3252883443074,163,10.969980703845977,-1,0,1
3,True,0,1322.5417384730347,1215.0629765553695,4.622588482274661,59.1,-51.204231630710176,80.35259534804072,164,6.959255029704082,1,0,0
4,True,0,1324.2550029783824,11468.953617319128,6.089811072277788,48.04502429575433,-50.54103287717853,84.34021913589203,165,1.7132645053477518,2,0,0
2,False,0,1332.8828539968208,10022.370602289815,1.2773317908252888,32.0,-35.50979734887472,79.77172227699742,166,8.627851018438378,-1,1,0
4,True,0,1342.9550029783825,11468.953617319128,6.089811072277788,18.7,-50.17321678522451,84.3620660802097,167,10.072148981561668,2,0,0
0,True,-1,1351.7003950065657,3171.924480323866,2.416116695874416,,-53.287667166348704,83.10775462019217,168,8.745392028183232,-1,0,1
2,False,0,1364.8828539968208,9930.677848562562,3.8,32.0,-35.831636429334495,79.7945810840939,169,13.1824589902551,-1,1,0
4,True,0,1376.4998099449333,11468.953617319128,6.089811072277788,33.544806966550745,-49.805400693270485,84.3856209223686,170,11.61695594811249,2,0,0
3,True,0,1381.6417384730346,1327.2163805353985,5.377868410590526,59.1,-51.56378501848435,80.36054778611913,171,5.141928528101289,1,0,0
1,True,0,1382.0820563126654,9885.562723627985,8.40315077528594,77.46955357318079,-44.70644392642532,79.41152508322872,172,0.4403178396307794,0,0,0
2,False,0,1396.8828539968208,9841.839966466092,1.2773317908252888,32.0,-36.15347550979426,79.81869062743831,173,14.800797684155441,-1,1,0
0,True,-1,1423.650784236108,9407.7173898815,4.170139430877796,,-44.922549736821665,85.13694261448634,174,26.767930239287125,-1,0,1
4,True,0,1424.5448342406876,11468.953617319128,6.089811072277788,48.04502429575433,-49.437584601316466,84.41112041260185,175,0.8940500045796398,2,0,0
2,False,0,1428.8828539968208,10274.309624114825,3.8,32.0,-36.47531459025403,79.84404506245964,176,4.338019756133235,-1,1,0
3,True,0,1440.7417384730345,1441.2301613298948,5.6723436118627415,59.1,-51.92184345062578,80.36793886065637,177,11.858884476213689,1,0,0
4,True,0,1443.2448342406876,11468.953617319128,6.089811072277788,18.7,-49.06976850936244,84.43879116264795,178,2.5030957676531216,2,0,0
2,False,0,1460.8828539968208,9838.164531268842,1.2773317908252888,32.0,-36.797153670713804,79.8706320542982,179,17.63801975613319,-1,1,0
0,True,-1,1465.469674777506,1337.3888342045889,2.4378266921692995,,-42.621724814609394,82.82641319457817,180,4.58682078068523,-1,0,1
1,True,0,1473.7350510501174,9885.562723627985,8.40315077528594,91.652994737452,-44.596840209084476,79.4472842564751,181,8.26537627261132,0,0,0
4,True,0,1476.7896412072384,11468.953617319128,6.089811072277788,33.544806966550745,-48.70195241740842,84.46884846430207,182,3.0545901571210834,2,0,0
2,False,0,1492.8828539968208,10214.179945350937,3.8,32.0,-37.11899275117357,79.89843284211372,183,16.093212789582367,-1,1,0
3,True,0,1499.8417384730344,1215.0629765553695,4.4341328428628755,59.1,-52.26540637158849,80.37478996372438,184,6.958884476213598,1,0,0
4,True,0,1524.8346655029927,11468.953617319128,6.089811072277788,48.04502429575433,-48.334136325454395,84.5014951669844,185,24.99292702995831,2,0,0
2,False,0,1524.8828539968208,9902.879380596714,1.2773317908252888,32.0,-37.44083183163334,79.92742233689576,186,0.04818849382809276,-1,1,0
1,True,0,1535.6051525888108,9885.562723627985,8.40315077528594,61.87010153869351,-44.47109100084166,79.48580518225651,187,10.722298591990011,0,0,0
4,True,0,1543.5346655029928,11468.953617319128,6.089811072277788,18.7,-47.96632023350037,84.53692062017713,188,7.929512914181942,2,0,0
2,False,0,1556.8828539968208,10097.344075803192,3.8,32.0,-37.762670912093114,79.95756925226615,189,13.348188493828047,-1,1,0
3,True,0,1558.9417384730343,1327.2163805353985,5.694177378490203,59.1,-52.58212375604557,80.38112530255626,190,2.058884476213507,1,0,0
4,True,0,1577.0794724695436,11468.953617319128,6.089811072277788,33.544806966550745,-47.59850414154635,84.57529968624397,191,18.13773399650927,2,0,0
2,False,0,1588.8828539968208,10082.61445574201,1.2773317908252888,32.0,-38.08450999255288,79.98883626759176,192,11.803381527277224,-1,1,0
1,True,0,1613.0747061619916,9885.562723627985,8.40315077528594,77.46955357318079,-44.329851899842254,79.52718665886368,193,24.191852165170758,0,0,0
3,True,0,1618.0417384730342,1441.2301613298948,5.211636820100808,59.1,-52.860854216168995,80.38697177334109,194,4.967032311042658,1,0,0
2,False,0,1620.8828539968208,10066.61432317617,3.8,32.0,-38.406349073012656,80.02118022255685,195,2.841115523786584,-1,1,0
4,True,0,1625.1244967652979,11468.953617319128,6.089811072277788,48.04502429575433,-47.230688049592324,84.6167918287787,196,4.24164276847705,2,0,0
4,True,0,1643.824496765298,11468.953617319128,6.089811072277788,18.7,-46.862871957638305,84.66154028123589,197,18.700000000000045,2,0,0
2,False,0,1652.8828539968208,10267.632447521275,1.2773317908252888,32.0,-38.72818815347242,80.05455234218111,198,9.058357231522905,-1,1,0
3,True,0,1677.1417384730341,1215.0629765553695,4.586721036141313,59.1,-53.09216683747023,80.39235882099956,199,24.258884476213325,1,0,0
4,True,0,1677.3693037318487,11468.953617319128,6.089811072277788,33.544806966550745,-46.49505586568428,84.70967130017796,200,0.2275652588145931,2,0,0
2,False,0,1684.8828539968208,9827.300189389585,3.8,32.0,-39.05002723393219,80.0888984911098,201,7.513550264972082,-1,1,0
1,True,0,1704.7277008994436,9885.562723627985,8.40315077528594,91.652994737452,-44.173859261360086,79.57151257099984,202,19.84484690262275,0,0,0
2,False,0,1712.8828539968208,10038.220363106895,1.2773317908252888,28.0,-39.371866314391966,80.12415945585035,203,8.155153097377251,-1,1,0
4,True,0,1725.414328027603,11468.953617319128,6.089811072277788,48.04502429575433,-46.12723977373026,84.76129350703191,204,12.531474030782192,2,0,0
3,True,0,1736.241738473034,1327.2163805353985,5.493162794886638,59.1,-53.2687633776144,80.39731828567179,205,10.827410445431042,1,0,0
2,False,0,1740.8828539968208,10150.442461103834,3.8,28.0,-39.69370539485173,80.16027125348415,206,4.641115523786766,-1,1,0
4,True,0,1744.114328027603,11468.953617319128,6.089811072277788,18.7,-45.759423681776234,84.81649732178754,207,3.2314740307822376,2,0,0
1,True,0,1766.597802438137,9885.562723627985,8.40315077528594,61.87010153869351,-44.00392635878202,79.61885145244474,208,22.483474410533972,0,0,0
2,False,0,1768.8828539968208,10287.368138428084,1.2773317908252888,28.0,-40.0155444753115,80.19716546524387,209,2.28505155868379,-1,1,0
4,True,0,1777.6591349941539,11468.953617319128,6.089811072277788,33.544806966550745,-45.391607589822215,84.87535449158943,210,8.77628099733306,2,0,0
3,True,0,1795.341738473034,1441.2301613298948,4.257628530261933,59.1,-53.38580118457225,80.40188423671762,211,17.682603478880083,1,0,0
2,False,0,1796.8828539968208,10196.063591577811,3.8,28.0,-40.33738355577127,80.2347695932172,212,1.541115523786857,-1,1,0
2,False,0,1824.8828539968208,10167.778038249357,1.2773317908252888,28.0,-40.65922263623104,80.27300743831739,213,28.0,-1,1,0
4,True,0,1825.7041592899081,11468.953617319128,6.089811072277788,48.04502429575433,-45.02379149786819,84.93791771668062,214,0.8213052930873346,2,0,0
1,True,0,1844.0673560113178,9885.562723627985,8.40315077528594,77.46955357318079,-43.82093914357705,79.66925612875127,215,18.363196721409622,0,0,0
4,True,0,1844.4041592899082,11468.953617319128,6.089811072277788,18.7,-44.65597540591416,85.00422037564785,216,0.33680327859042336,2,0,0
2,False,0,1852.8828539968208,10193.816484066523,3.8,28.0,-40.98106171669082,80.31179949755008,217,8.47869470691262,-1,1,0
3,True,0,1854.4417384730339,1215.0629765553695,5.331175783484226,59.1,-53.44110183042996,80.40609279509474,218,1.558884476213052,1,0,0
4,True,0,1877.948966256459,11468.953617319128,6.089811072277788,33.544806966550745,-44.28815931396014,85.07427635140121,219,23.50722778342515,2,0,0
2,False,0,1880.8828539968208,10077.304731659566,1.2773317908252888,28.0,-41.302900797150585,80.35106337850499,220,2.933887740361797,-1,1,0
2,False,0,1908.8828539968208,10191.305479432234,3.8,28.0,-41.62473987761035,80.39071422891186,221,28.0,-1,1,0
3,True,0,1913.5417384730338,1327.2163805353985,4.541409128754426,59.1,-53.435235798189424,80.40998194504071,222,4.658884476212961,1,0,0
4,True,0,1925.9939905522133,11468.953617319128,6.089811072277788,48.04502429575433,-43.92034322200612,85.14807995879494,223,12.452252079179516,2,0,0
1,True,0,1935.7203507487698,9885.562723627985,8.40315077528594,91.652994737452,-43.625851626355626,79.72276344183754,224,9.72636019655647,0,0,0
2,False,0,1936.8828539968208,10246.707888599965,1.2773317908252888,28.0,-41.94657895807012,80.43066517902092,225,1.1625032480510527,-1,1,0
4,True,0,1944.6939905522133,11468.953617319128,6.089811072277788,18.7,-43.5525271300521,85.22560597426715,226,7.8111365553925225,2,0,0
2,False,0,1964.8828539968208,10123.930453998659,3.8,28.0,-41.731581961470106,80.47082779450146,227,20.188863444607478,-1,1,0
3,True,0,1972.6417384730337,1441.2301613298948,5.144474319815217,59.1,-53.371479351236054,80.41359133604075,228,7.75888447621287,1,0,0
4,True,0,1978.2387975187642,11468.953617319128,6.089811072277788,33.544806966550745,-43.18471103809807,85.30680976734394,229,5.597059045730475,2,0,0
2,False,0,1992.8828539968208,10056.56473313354,1.2773317908252888,28.0,-41.40974288101034,80.5111125374976,230,14.644056478056655,-1,1,0
1,True,0,1997.5904522874632,9885.562723627985,8.40315077528594,61.87010153869351,-43.419680903099994,79.77939405791007,231,4.707598290642409,0,0,0
2,False,0,2020.8828539968208,10274.01230817605,3.8,28.0,-41.08790380055057,80.55142923343706,232,23.29240170935759,-1,1,0
4,True,0,2026.2838218145184,11468.953617319128,6.089811072277788,48.04502429575433,-43.18310505385595,85.39162753332182,233,5.4009678176976195,2,0,0
3,True,0,2031.7417384730336,1215.0629765553695,5.6625494411433275,59.1,-53.25564568800055,80.41696207611372,234,5.45791665851516,1,0,0
4,True,0,2044.9838218145185,11468.953617319128,6.089811072277788,18.7,-43.55092114580997,85.47997662591605,235,13.242083341484886,2,0,0
2,False,0,2048.882853996821,10012.681152794703,1.2773317908252888,28.0,-40.766064720090796,80.59168754115977,236,3.899032182302335,-1,1,0
1,True,0,2075.060005860644,9885.562723627985,8.40315077528594,77.46955357318079,-43.20350185249678,79.83915235971979,237,26.177151863823383,0,0,0
2,False,0,2076.882853996821,10276.641123885473,3.8,28.0,-40.44422563963103,80.63179742391478,238,1.8228481361766171,-1,1,0
4,True,0,2078.528628781069,11468.953617319128,6.089811072277788,33.544806966550745,-43.918737237764,85.57175598814004,239,1.6457747842482604,2,0,0
3,True,0,2090.8417384730333,1327.2163805353985,5.062141591986453,59.1,-53.09579835843147,80.42013651749386,240,12.3131096919642,1,0,0
2,False,0,2108.882853996821,10033.632737256787,1.2773317908252888,32.0,-40.122386559171254,80.67166961877015,241,18.04111552378754,-1,1,0
4,True,0,2126.5736530768236,11468.953617319128,6.089811072277788,48.04502429575433,-44.28655332971802,85.66684667916968,242,17.690799080002762,2,0,0
2,False,0,2140.882853996821,10008.663701080688,3.8,32.0,-39.800547478711486,80.71121610198865,243,14.309200919997238,-1,1,0
4,True,0,2145.2736530768234,11468.953617319128,6.089811072277788,18.7,-44.654369421672044,85.76511249444572,244,4.39079908000258,2,0,0
3,True,0,2149.941738473033,1441.2301613298948,4.238366063042811,59.1,-52.90186041958308,80.42315803582592,245,4.66808539620979,1,0,0
1,True,0,2166.713000598096,9885.562723627985,8.40315077528594,91.652994737452,-42.97844153201715,79.90202642371248,246,16.771262125063004,0,0,0
2,False,0,2172.882853996821,9896.653837057902,1.2773317908252888,32.0,-39.47870839825172,80.75035054794269,247,6.1698533987246265,-1,1,0
4,True,0,2178.818460043374,11468.953617319128,6.089811072277788,33.544806966550745,-45.02218551362606,85.8664006757813,248,5.935606046553403,2,0,0
2,False,0,2204.882853996821,10173.136202335814,3.8,32.0,-39.156869317791944,80.78898877917615,249,26.064393953446597,-1,1,0
3,True,0,2209.041738473033,1215.0629765553695,5.5753771546769215,59.1,-52.68513767772449,80.42607080402465,250,4.158884476212279,1,0,0
4,True,0,2226.8634843391287,11468.953617319128,6.089811072277788,48.04502429575433,-45.39000160558009,85.9705427077724,251,17.821745866095625,2,0,0
1,True,0,2228.58310213679,9885.562723627985,8.40315077528594,61.87010153869351,-42.74567330196109,79.96798808219259,252,1.719617797661158,0,0,0
2,False,0,2236.882853996821,9984.347692914718,1.2773317908252888,32.0,-38.83503023733218,80.82704920526676,253,8.299751860030938,-1,1,0
4,True,0,2245.5634843391285,11468.953617319128,6.089811072277788,18.7,-45.75781769753411,86.0773551963591,254,8.680630342307722,2,0,0
3,True,0,2268.141738473033,1327.2163805353985,5.607764078027394,59.1,-52.457778376199606,80.4289195619776,255,22.578254133904466,1,0,0
2,False,0,2268.882853996821,10114.736269239189,3.8,32.0,-38.51319115687241,80.86445324820066,256,0.741115523787812,-1,1,0
4,True,0,2279.1082913056794,11468.953617319128,6.089811072277788,33.544806966550745,-46.125633789488134,86.1866408249573,257,10.225437308858545,2,0,0
2,False,0,2300.882853996821,9870.980292703522,1.2773317908252888,32.0,-38.191352076412635,80.9011257520419,258,21.774562691141455,-1,1,0
1,True,0,2306.0526557099706,9885.562723627985,8.40315077528594,77.46955357318079,-42.50641070810007,80.03699307017658,259,5.169801713149809,0,0,0
4,True,0,2327.153315601434,11468.953617319128,6.089811072277788,48.04502429575433,-46.49344988144215,86.29818938317604,260,21.100659891463238,2,0,0
3,True,0,2327.241738473033,1441.2301613298948,4.7895328462773605,59.1,-52.232194654249774,80.43174938329207,261,0.08842287159905027,1,0,0
2,False,0,2332.882853996821,10173.643390174266,3.8,32.0,-37.86951299595286,80.93699537476057,262,5.641115523787903,-1,1,0
4,True,0,2345.8533156014337,11468.953617319128,6.089811072277788,18.7,-46.86126597339618,86.41177886275716,263,12.970461604612865,2,0,0
2,False,0,2364.882853996821,10012.638319168374,1.2773317908252888,32.0,-37.54767391549309,80.97199496017723,264,19.029538395387135,-1,1,0
4,True,0,2379.3981225679845,11468.953617319128,6.089811072277788,33.544806966550745,-47.229082065350205,86.5271766150235,265,14.515268571163688,2,0,0
3,True,0,2386.341738473033,1215.0629765553695,4.484058546312217,59.1,-52.02047288349847,80.43460544030232,266,6.943615905048318,1,0,0
2,False,0,2396.882853996821,10023.874294387215,3.8,32.0,-37.225834835033325,81.0,267,10.541115523787994,-1,1,0
1,True,0,2397.7056504474226,9885.562723627985,8.40315077528594,91.652994737452,-42.261901154811305,80.10898125617003,268,0.8227964506017997,0,0,0
4,True,0,2427.443146863739,11468.953617319128,6.089811072277788,48.04502429575433,-47.596898157304224,86.64414056380146,269,29.73749641631639,2,0,0
2,False,0,2428.882853996821,10048.157551906283,1.2773317908252888,32.0,-36.90399575457356,81.0,270,1.4397071330818108,-1,1,0
3,True,0,2445.4417384730327,1327.2163805353985,5.457905446987316,59.1,-51.833800502519956,80.43753276856175,271,16.558884476211915,1,0,0
4,True,0,2446.143146863739,11468.953617319128,6.089811072277788,18.7,-47.96471424925825,86.76242046749398,272,0.7014083907060922,2,0,0
1,True,0,2459.5757519861163,9885.562723627985,8.40315077528594,61.87010153869351,-42.013419401688935,80.18387695566543,273,13.432605122377481,0,0,0
2,False,0,2460.882853996821,9930.631451492047,3.8,32.0,-36.58215667411378,81.0,274,1.3071020107045115,-1,1,0
4,True,0,2479.6879538302896,11468.953617319128,6.089811072277788,33.544806966550745,-48.33253034121227,86.88175922372443,275,18.80509983346883,2,0,0
2,False,0,2492.882853996821,10013.688139391426,1.2773317908252888,32.0,-36.260317593654015,81.0,276,13.19490016653117,-1,1,0
3,True,0,2504.5417384730326,1441.2301613298948,4.900032801250502,59.1,-51.68193619188355,80.44057603204854,277,11.658884476211824,1,0,0
2,False,0,2524.882853996821,9913.183573646904,3.8,32.0,-35.93847851319425,81.0,278,20.341115523788176,-1,1,0
4,True,0,2527.732978126044,11468.953617319128,6.089811072277788,48.04502429575433,-48.700346433166295,87.00189420974935,279,2.8501241292233317,2,0,0
1,True,0,2537.045305559297,9885.562723627985,8.40315077528594,77.46955357318079,-41.76226091753777,80.26158932572618,280,9.312327433252904,0,0,0
4,True,0,2546.432978126044,11468.953617319128,6.089811072277788,18.7,-49.068162525120314,87.12255865165181,281,9.387672566746915,2,0,0
2,False,0,2552.882853996821,10155.268424516948,1.2773317908252888,28.0,-35.61663943273447,81.0,282,6.44987587077685,-1,1,0
3,True,0,2563.6417384730325,1215.0629765553695,4.9710484568909665,59.1,-51.57274819869693,80.4437792903082,283,10.758884476211733,1,0,0
4,True,0,2579.977785092595,11468.953617319128,6.089811072277788,33.544806966550745,-49.43597861707434,87.24348301517708,284,16.33604661956224,2,0,0
2,False,0,2580.882853996821,10078.525525592675,3.8,28.0,-35.294800352274706,81.0,285,0.9050689042260274,-1,1,0
2,False,0,2608.882853996821,10211.538093825227,1.2773317908252888,28.0,-35.02703872818507,81.0,286,28.0,-1,1,0
3,True,0,2622.7417384730325,1327.2163805353985,4.70662034339837,59.1,-51.5118424260784,80.44718576874764,287,13.858884476211642,1,0,0
4,True,0,2628.0228093883493,11468.953617319128,6.089811072277788,48.04502429575433,-49.80379470902837,87.36439641095944,288,5.281070915316832,2,0,0
1,True,0,2628.698300296749,9885.562723627985,8.40315077528594,91.652994737452,-41.50973512639879,80.34201283859956,289,0.6754909083997518,0,0,0
2,False,0,2636.882853996821,10005.535146184327,3.8,28.0,-35.348877808644836,81.0,290,8.184553700071774,-1,1,0
4,True,0,2646.722809388349,11468.953617319128,6.089811072277788,18.7,-50.171610800982386,87.48502800681392,291,9.839955391528292,2,0,0
4,True,0,2680.2676163549,11468.953617319128,6.089811072277788,33.544806966550745,-50.53942689293641,87.60510843972988,292,33.54480696655082,2,0,0
3,True,0,2681.8417384730324,1441.2301613298948,4.439448088033051,59.1,-51.502297698535465,80.45083763327786,293,1.5741221181324363,1,0,0
1,True,0,2690.5684018354427,9885.562723627985,8.40315077528594,61.87010153869351,-41.257158580818476,80.42502783188958,294,8.726663362410363,0,0,0
4,True,0,2728.3126406506544,11468.953617319128,6.089811072277788,48.04502429575433,-50.90724298489043,87.72437122020503,295,37.7442388152117,2,0,0
3,True,0,2740.9417384730323,1215.0629765553695,5.383314772554342,59.1,-51.54452059554747,80.45477577048032,296,12.629097822377844,1,0,0
4,True,0,2747.0126406506542,11468.953617319128,6.089811072277788,18.7,-50.72494092315554,87.8425541215983,297,6.070902177621974,2,0,0
1,True,0,2768.0379554086235,9885.562723627985,8.40315077528594,77.46955357318079,-41.00584809795348,80.51050113242127,298,21.025314757969227,0,0,0
4,True,0,2780.557447617205,11468.953617319128,6.089811072277788,33.544806966550745,-50.357124831201524,87.95940054725814,299,12.519492208581596,2,0,0
3,True,0,2800.041738473032,1327.2163805353985,5.430528573131422,59.1,-51.63622664744991,80.45903957444341,300,19.484290855827112,1,0,0
4,True,0,2828.6024719129596,11468.953617319128,6.089811072277788,48.04502429575433,-49.9893087392475,88.0,301,28.56073343992739,2,0,0
4,True,0,2847.3024719129594,11468.953617319128,6.089811072277788,18.7,-49.62149264729348,88.0,302,18.699999999999818,2,0,0
3,True,0,2859.141738473032,1441.2301613298948,4.418717267121772,59.1,-51.772548771800174,80.46366674137977,303,11.839266560072701,1,0,0
1,True,0,2859.6909501460755,9885.562723627985,8.40315077528594,91.652994737452,-40.757113894295685,80.59828675054406,304,0.5492116730433736,0,0,0
4,True,0,2880.84727887951,11468.953617319128,6.089811072277788,33.544806966550745,-49.25367655533945,88.0,305,21.156328733434748,2,0,0
3,True,0,2918.241738473032,1215.0629765553695,5.300527170825239,59.1,-51.94626787142994,80.46869307309578,306,37.39445959352179,1,0,0
1,True,0,2921.561051684769,9885.562723627985,8.40315077528594,61.87010153869351,-40.5122527548101,80.68822664125408,307,3.3193132117371533,0,0,0
4,True,0,2928.8923031752647,11468.953617319128,6.089811072277788,48.04502429575433,-48.88586046338543,88.0,308,7.331251490495561,2,0,0
4,True,0,2947.5923031752645,11468.953617319128,6.089811072277788,18.7,-48.51804437143141,88.0,309,18.699999999999818,2,0,0
3,True,0,2977.341738473032,1327.2163805353985,5.423608794564025,59.1,-52.14815479593772,80.47415229033749,310,29.749435297767377,1,0,0
1,True,0,2999.03060525795,9885.562723627985,8.40315077528594,77.46955357318079,-40.27254127209849,80.78015152816774,311,21.68886678491799,0,0,0
3,True,0,3036.441738473032,1441.2301613298948,4.240825797789706,59.1,-52.3674076539188,80.48007585698622,312,37.41113321508192,1,0,0
1,True,0,3090.683599995402,9885.562723627985,8.40315077528594,91.652994737452,-40.039229190836714,80.87388178605032,313,54.24186152237007,0,0,0
3,True,0,3095.5417384730317,1215.0629765553695,5.2165914612637385,59.1,-52.59216399763025,80.48649281602056,314,4.858138477629836,1,0,0
1,True,0,3152.5537015340956,9885.562723627985,8.40315077528594,61.87010153869351,-39.81353289218458,80.96922837729889,315,57.01196306106385,0,0,0
3,True,0,3154.6417384730316,1327.2163805353985,5.176442809948263,59.1,-52.81006389388808,80.49342963809957,316,2.0880369389360567,1,0,0
3,True,0,3213.7417384730315,1441.2301613298948,4.3485818359481625,59.1,-53.008837508853965,80.50091008355717,317,59.09999999999991,1,0,0
1,True,0,3230.0232551072763,9885.562723627985,8.40315077528594,77.46955357318079,-39.596629052137786,81.0659938374967,318,16.28151663424478,0,0,0
3,True,0,3272.8417384730315,1215.0629765553695,4.851386921813493,59.1,-53.17688968159983,80.50895507852671,319,42.81848336575513,1,0,0
1,True,0,3321.6762498447283,9885.562723627985,8.40315077528594,91.652994737452,-39.389648506884065,81.16397330490133,320,48.83451137169686,0,0,0
3,True,0,3331.9417384730314,1327.2163805353985,5.688055920552939,59.1,-53.30385409587417,80.51758260584175,321,10.265488628303046,1,0,0
1,True,0,3383.546351383422,9885.562723627985,8.40315077528594,61.87010153869351,-39.19367035714695,81.26295558849888,322,51.60461291039064,0,0,0
3,True,0,3391.0417384730313,1441.2301613298948,5.4772255978289515,59.1,-53.381091075078395,80.52680761128198,323,7.495387089609267,1,0,0
3,True,0,3450.141738473031,1215.0629765553695,5.365248717310119,59.1,-53.40210565593296,80.53664192565277,324,59.09999999999991,1,0,0
1,True,0,3461.0159049566028,9885.562723627985,8.40315077528594,77.46955357318079,-39.00971634225425,81.36272426905622,325,10.874166483571571,0,0,0
3,True,0,3509.241738473031,1327.2163805353985,5.473118610664758,59.1,-53.362866318704306,80.54709420310483,326,48.22583351642834,1,0,0
1,True,0,3552.6688996940547,9885.562723627985,8.40315077528594,91.652994737452,-38.838745513262296,81.4630588274305,327,43.42716122102365,0,0,0
3,True,0,3568.341738473031,1441.2301613298948,4.4891352788458905,59.1,-53.26200939214648,80.55816987601557,328,15.672838778976256,1,0,0
1,True,0,3614.5390012327484,9885.562723627985,8.40315077528594,61.87010153869351,-38.68164923290784,81.56373579425407,329,46.19726275971743,0,0,0
3,True,0,3627.441738473031,1215.0629765553695,5.0831960895635495,59.1,-53.10091949253739,80.56987112666708,330,12.902737240282477,1,0,0
3,True,0,3686.541738473031,1327.2163805353985,5.646973259508468,59.1,-52.883682148632694,80.5821968758688,331,59.09999999999991,1,0,0
1,True,0,3692.008554805929,9885.562723627985,8.40315077528594,77.46955357318079,-38.53924652845541,81.66452991500007,332,5.466816332898361,0,0,0
3,True,0,3745.6417384730307,1441.2301613298948,5.407513017873169,59.1,-52.61691073719261,80.59514278858389,333,53.63318366710155,1,0,0
1,True,0,3783.661549543381,9885.562723627985,8.40315077528594,91.652994737452,-38.41227982166846,81.76521532435542,334,38.01981107035044,0,0,0
3,True,0,3804.7417384730306,1215.0629765553695,4.556734158426018,59.1,-52.309455727695266,80.6087012965301,335,21.080188929649466,1,0,0
1,True,0,3845.531651082075,9885.562723627985,8.40315077528594,61.87010153869351,-38.30141105816605,81.86556672377785,336,40.78991260904422,0,0,0
3,True,0,3863.8417384730305,1327.2163805353985,5.638495647092145,59.1,-51.972009735290385,80.62286163763733,337,18.310087390955687,1,0,0
3,True,0,3922.9417384730305,1441.2301613298948,4.520358362816822,59.1,-51.61662675078897,80.63760991215598,338,59.09999999999991,1,0,0
1,True,0,3923.0012046552556,9885.562723627985,8.40315077528594,77.46955357318079,-38.20721825634486,81.9653605560982,339,0.05946618222515099,0,0,0
3,True,0,3982.0417384730304,1215.0629765553695,5.331512235906433,59.1,-51.25617792783538,80.65292915512396,340,59.04053381777476,1,0,0
1,True,0,4014.6541993927076,9885.562723627985,8.40315077528594,91.652994737452,-38.13019249385892,82.06437617104405,341,32.61246091967723,0,0,0
3,True,0,4041.1417384730303,1327.2163805353985,4.902714133160057,59.1,-50.90376927281046,80.668799424814,342,26.487539080322676,1,0,0
1,True,0,4076.5243009314013,9885.562723627985,8.40315077528594,61.87010153869351,-38.07073534736815,82.16239697560802,343,35.38256245837101,0,0,0
3,True,0,4100.241738473031,1441.2301613298948,5.615903617572977,59.1,-50.572148363814264,80.6851979067007,344,23.71743754162935,1,0,0
1,True,0,4153.993854504582,9885.562723627985,8.40315077528594,77.46955357318079,-38.029156798903564,82.25921156326342,345,53.75211603155094,0,0,0
3,True,0,4159.34173847303,1215.0629765553695,4.816159785171397,59.1,-50.27312773801024,80.70209903240477,346,5.347883968448514,1,0,0
3,True,0,4218.4417384730305,1327.2163805353985,5.393757548192716,59.1,-50.01705180769496,80.7194746129949,347,59.100000000000364,1,0,0
1,True,0,4245.646849242034,9885.562723627985,8.40315077528594,91.652994737452,-38.00567361976449,82.35461481613999,348,27.205110769003113,0,0,0
3,True,0,4277.541738473031,1441.2301613298948,4.710692313205323,59.1,-49.81233213110738,80.73729398595164,349,31.89488923099725,1,0,0
1,True,0,4307.516950780727,9885.562723627985,8.40315077528594,61.87010153869351,-38.000408240373396,82.44840897441351,350,29.975212307695983,0,0,0
3,True,0,4336.641738473031,1215.0629765553695,4.923912368932353,59.1,-49.66507266932848,80.7555241750276,351,29.12478769230438,1,0,0
1,True,0,4384.986504353908,9885.562723627985,8.40315077528594,77.46955357318079,-38.01338811198038,82.54040466733397,352,48.344765880876366,0,0,0
3,True,0,4395.741738473032,1327.2163805353985,5.346523404832592,59.1,-49.57880245501615,80.77413006217041,353,10.755234119123998,1,0,0
3,True,0,4454.841738473032,1441.2301613298948,4.235543708108318,59.1,-49.55432807881114,80.79307457061195,354,59.100000000000364,1,0,0
1,True,0,4476.6394990913595,9885.562723627985,8.40315077528594,91.652994737452,-38.04454556354503,82.63042190051696,355,21.79776061832763,0,0,0
3,True,0,4513.941738473032,1215.0629765553695,4.366408998180194,59.1,-49.58971279974824,80.8123188581694,356,37.302239381672734,1,0,0
1,True,0,4538.509600630053,9885.562723627985,8.40315077528594,61.87010153869351,-38.093718154541904,82.71829099435101,357,24.5678621570205,0,0,0
3,True,0,4573.041738473033,1327.2163805353985,4.312799224049096,59.1,-49.68038316872569,80.83182251975049,358,34.532137842979864,1,0,0
1,True,0,4615.9791542032335,9885.562723627985,8.40315077528594,77.46955357318079,-38.16064952185022,82.80385346862857,359,42.93741573020088,0,0,0
3,True,0,4632.141738473033,1441.2301613298948,4.789743138602072,59.1,-49.81935809568931,80.85154379800684,360,16.16258426979948,1,0,0
3,True,0,4691.241738473033,1215.0629765553695,4.333727408369539,59.1,-49.99758957026606,80.87143980103754,361,59.100000000000364,1,0,0
1,True,0,4707.6321489406855,9885.562723627985,8.40315077528594,91.652994737452,-38.244990716312444,82.88696286878842,362,16.390410467652146,0,0,0
3,True,0,4750.341738473034,1327.2163805353985,4.348224774530319,59.1,-50.20439902961386,80.89146672600754,363,42.70958953234822,1,0,0
1,True,0,4769.502250479379,9885.562723627985,8.40315077528594,61.87010153869351,-38.34630202199367,82.96748552946191,364,19.160512006345016,0,0,0
3,True,0,4809.441738473034,1441.2301613298948,5.140312974943039,59.1,-50.42798890010852,80.91158008751549,365,39.93948799365535,1,0,0
1,True,0,4846.9718040525595,9885.562723627985,8.40315077528594,77.46955357318079,-38.46405524865684,83.04530127134234,366,37.5300655795254,0,0,0
3,True,0,4868.5417384730345,1215.0629765553695,4.499089160523952,59.1,-50.65600533001726,80.93173494951992,367,21.569934420474965,1,0,0
3,True,0,4927.641738473035,1327.2163805353985,4.41771366919629,59.1,-50.87612574257964,80.951886159615,368,59.100000000000364,1,0,0
1,True,0,4938.6247987900115,9885.562723627985,8.40315077528594,91.652994737452,-38.59763648550211,83.12030402774415,369,10.983060316976662,0,0,0
3,True,0,4986.741738473035,1441.2301613298948,5.0800006645599565,59.1,-51.076643684549246,80.97198858443427,370,48.1169396830237,1,0,0
1,True,0,5000.494900328705,9885.562723627985,8.40315077528594,61.87010153869351,-38.74634930181346,83.19240239758562,371,13.753161855669532,0,0,0
3,True,0,5045.841738473036,1215.0629765553695,5.325334251043444,59.1,-51.247023578186656,80.99199734495508,372,45.34683814433083,1,0,0
1,True,0,5077.9644539018855,9885.562723627985,8.40315077528594,77.46955357318079,-38.90941837782603,83.26152012191167,373,32.122715428849915,0,0,0
3,True,0,5104.941738473036,1327.2163805353985,4.903253538520998,59.1,-51.378399398686796,81.0,374,26.97728457115045,1,0,0
3,True,0,5164.041738473036,1441.2301613298948,5.264277978566003,59.1,-51.46399392791984,81.0,375,59.100000000000364,1,0,0
1,True,0,5169.617448639337,9885.562723627985,8.40315077528594,91.652994737452,-39.085993546884325,83.32759648147282,376,5.575710166301178,0,0,0
3,True,0,5223.141738473037,1215.0629765553695,5.531245529566017,59.1,-51.49943895620422,81.0,377,53.524289833699186,1,0,0
1,True,0,5231.487550178031,9885.562723627985,8.40315077528594,61.87010153869351,-39.27515422781752,83.39058661328717,378,8.345811704994048,0,0,0
1,True,0,5308.957103751211,9885.562723627985,8.40315077528594,77.46955357318079,-39.475914224423406,83.45046174453532,379,77.46955357318075,0,0,0
1,True,0,5400.610098488663,9885.562723627985,8.40315077528594,91.652994737452,-39.68722686703877,83.5072093425684,380,91.65299473745199,0,0,0
1,True,0,5462.480200027357,9885.562723627985,8.40315077528594,61.87010153869351,-39.907990469390356,83.56083318024764,381,61.870101538693234,0,0,0
1,True,0,5539.949753600537,9885.562723627985,8.40315077528594,77.46955357318079,-40.137054072276975,83.61135331627425,382,77.46955357318075,0,0,0
1,True,0,5631.602748337989,9885.562723627985,8.40315077528594,91.652994737452,-40.37322344413784,83.6588059906128,383,91.65299473745199,0,0,0
1,True,0,5693.472849876683,9885.562723627985,8.40315077528594,61.87010153869351,-40.615267307222986,83.70324343555275,384,61.870101538693234,0,0,0
1,True,0,5770.942403449863,9885.562723627985,8.40315077528594,77.46955357318079,-40.86192375690527,83.74473360339346,385,77.46955357318075,0,0,0
1,True,0,5862.595398187315,9885.562723627985,8.40315077528594,91.652994737452,-41.11190684066685,83.78335981217238,386,91.65299473745199,0,0,0
1,True,0,5924.465499726009,9885.562723627985,8.40315077528594,61.87010153869351,-41.363913262460116,83.81922031128344,387,61.870101538693234,0,0,0
1,True,0,6001.935053299189,9885.562723627985,8.40315077528594,77.46955357318079,-41.61662917748987,83.85242776925013,388,77.46955357318075,0,0,0
1,True,0,6093.588048036641,9885.562723627985,8.40315077528594,91.652994737452,-41.86873704199169,83.88310868632398,389,91.65299473745199,0,0,0
1,True,0,6155.458149575335,9885.562723627985,8.40315077528594,61.87010153869351,-42.118922482295055,83.91140273497093,390,61.870101538693234,0,0,0
1,True,0,6232.927703148515,9885.562723627985,8.40315077528594,77.46955357318079,-42.36588114735907,83.93746203168362,391,77.46955357318075,0,0,0
1,True,0,6324.580697885967,9885.562723627985,8.40315077528594,91.652994737452,-42.6083255090548,83.96145034391657,392,91.65299473745199,0,0,0
1,True,0,6386.4507994246605,9885.562723627985,8.40315077528594,61.87010153869351,-42.84499157474082,83.98354223627835,393,61.870101538693234,0,0,0
1,True,0,6463.920352997841,9885.562723627985,8.40315077528594,77.46955357318079,-43.07464547713552,84.0,394,77.46955357318075,0,0,0
1,True,0,6555.573347735293,9885.562723627985,8.40315077528594,91.652994737452,-43.296089907129826,84.0,395,91.65299473745199,0,0,0
1,True,0,6617.4434492739865,9885.562723627985,8.40315077528594,61.87010153869351,-43.508170356002466,84.0,396,61.870101538693234,0,0,0
1,True,0,6694.913002847167,9885.562723627985,8.40315077528594,77.46955357318079,-43.70978113449387,84.0,397,77.46955357318075,0,0,0
1,True,0,6786.565997584619,9885.562723627985,8.40315077528594,91.652994737452,-43.899871137358026,84.0,398,91.65299473745199,0,0,0
1,True,0,6848.4360991233125,9885.562723627985,8.40315077528594,61.87010153869351,-44.077449323338485,84.0,399,61.870101538693234,0,0,0
